12 PEs (3|3|3|3), tt/scripts/harden.sh at commit f6f3623, stage /var/tmp/chip-top-harden/f-pe12; stopped by hand after post-route STA (the routing DRC check fails the run).

global routing (step 39):
Metal2          145487        115266           79.23%             1 /  2 / 41
Metal3          173958        152265           87.53%            22 /  0 / 4096
Metal4          143511         50260           35.02%             1 /  2 / 63

detailed routing violations per iteration:
38908. 17723. 16081. 2801. 1207. 1132. 1088. 1045. 1025. 1008. 971. 959. 957. 957. 954. 950. 943. 1015. 989. 974. 953. 930. 912. 892. 892. 916. 914. 914. 909. 897. 882. 873. 871. 895. 891. 891. 873. 863. 847. 847. 839. 863. 857. 845. 834. 834. 834. 830. 828. 848. 500. 500. 384. 324. 271. 252. 215. 417. 417. 375. 344. 326. 317. 289. 263. 1059. 635. 622. 525. 524. 522. 522. 522. 522. 522. 522. 522. 522. 522. 522. 522. 522. 1024. 1015. 1015. 1010. 990. 984. 978. 974. 1184. 1176. 1155. 1151. 1144. 1116. 1107. 1105. 1142. 1126. 1119. 1117. 1109. 1081. 1079. 1076. 1097. 1070. 1059. 1059. 1058. 1052. 1052. 1050. 1072. 786. 784. 663. 554. 541. 512. 479. 683. 667. 629. 599. 577. 529. 521. 508. 

nom_slow_1p08V_125C setup ws -0.789 vio 9 hold ws 0.226 vio 0
nom_typ_1p20V_25C setup ws 2.717 vio 0 hold ws 0.039 vio 0
nom_fast_1p32V_m40C setup ws 3.288 vio 0 hold ws -0.07 vio 11
route__drc_errors 508 stdcells 39402 stdcell area 488576 wire length 2163688
