33 1181
65 1218
97 1249
129 1321
161 1329
193 1333
225 1336
257 1358
289 1388
321 1455
353 1477
385 1495
417 1506
449 1516
481 1516
513 1547
545 1554
577 1565
609 1588
641 1604
673 1606
705 1609
737 1613
769 1618
801 1639
833 1643
865 1666
897 1676
929 1716
961 1725
993 1748
1025 1757
1057 1822
1089 1833
1121 1864
1153 1865
1185 1865
1217 1888
1249 1907
1281 1908
1313 1919
1345 1923
1377 1926
1409 1996
1441 1996
1473 2000
1505 2005
1537 2060
1569 2099
1601 2106
1633 2107
1665 2146
1697 2152
1729 2201
1761 2201
1793 2211
1825 2211
1857 2239
1889 2251
1921 2276
1953 2287
1985 2301
2017 2341
2049 2341
2081 2367
2113 2389
2145 2389
2177 2389
2209 2390
2241 2440
2273 2464
2305 2489
2337 2502
2369 2505
2401 2513
2433 2524
2465 2530
2497 2530
2529 2531
2561 2534
2593 2546
2625 2546
2657 2548
2689 2552
2721 2555
2753 2556
2785 2557
2817 2560
2849 2562
2881 2574
2913 2608
2945 2613
2977 2621
3009 2635
3041 2660
3073 2661
3105 2669
3137 2669
3169 2669
3201 2669
3233 2669
3265 2677
3297 2688
3329 2694
3361 2697
3393 2709
3425 2715
3457 2715
3489 2715
3521 2726
3553 2749
3585 2755
3617 2761
3649 2793
3681 2797
3713 2800
3745 2809
3777 2812
3809 2849
3841 2851
3873 2856
3905 2859
3937 2869
3969 2870
4001 2873
4033 2873
4065 2874
4097 2874
4129 2876
4161 2878
4193 2882
4225 2887
4257 2894
4289 2894
4321 2894
4353 2894
4385 2896
4417 2902
4449 2907
4481 2910
4513 2911
4545 2911
4577 2913
4609 2913
4641 2918
4673 2919
4705 2919
4737 2919
4769 2919
4801 2919
4833 2919
4865 2926
4897 2928
4929 2930
4961 2933
4993 2934
5025 2935
5057 2939
5089 2940
5121 2940
5153 2952
5185 2952
5217 2962
5249 2965
5281 2966
5313 2966
5345 2973
5377 2973
5409 2974
5441 2978
5473 3019
5505 3021
5537 3022
5569 3023
5601 3028
5633 3028
5665 3035
5697 3036
5729 3036
5761 3036
5793 3037
5825 3037
5857 3039
5889 3039
5921 3050
5953 3061
5985 3063
6017 3063
6049 3063
6081 3063
6113 3075
6145 3076
6177 3076
6209 3076
6241 3079
6273 3081
6305 3099
6337 3101
6369 3101
6401 3101
6433 3101
6465 3108
6497 3109
6529 3110
6561 3146
6593 3146
6625 3150
6657 3158
6689 3158
6721 3158
6753 3160
6785 3162
6817 3168
6849 3173
6881 3178
6913 3188
6945 3189
6977 3210
7009 3210
7041 3218
7073 3218
7105 3221
7137 3222
7169 3222
7201 3251
7233 3251
7265 3251
7297 3253
7329 3261
7361 3261
7393 3263
7425 3269
7457 3269
7489 3274
7521 3278
7553 3281
7585 3281
7617 3281
7649 3289
7681 3309
7713 3309
7745 3309
7777 3311
7809 3359
7841 3359
7873 3366
7905 3367
7937 3368
7969 3368
8001 3369
8033 3385
8065 3386
8097 3386
8129 3386
8161 3390
8193 3390
8225 3390
8257 3397
8289 3401
8321 3417
8353 3417
8385 3417
8417 3442
8449 3443
8481 3448
8513 3449
8545 3449
8577 3450
8609 3450
8641 3462
8673 3462
8705 3464
8737 3465
8769 3466
8801 3466
8833 3468
8865 3472
8897 3481
8929 3481
8961 3505
8993 3511
9025 3512
9057 3531
9089 3543
9121 3554
9153 3561
9185 3562
9217 3562
9249 3563
9281 3574
9313 3596
9345 3607
9377 3607
9409 3607
9441 3607
9473 3607
9505 3609
9537 3635
9569 3635
9601 3635
9633 3635
9665 3647
9697 3647
9729 3663
9761 3663
9793 3663
9825 3663
9857 3664
9889 3664
9921 3664
9953 3666
9985 3674
10017 3674
10049 3678
10081 3678
10113 3682
10145 3682
10177 3686
10209 3686
10241 3686
10273 3691
10305 3694
10337 3698
10369 3702
10401 3702
10433 3704
10465 3710
10497 3715
10529 3715
10561 3728
10593 3729
10625 3730
10657 3732
10689 3732
10721 3732
10753 3735
10785 3735
10817 3735
10849 3736
10881 3736
10913 3739
10945 3766
10977 3767
11009 3771
11041 3787
11073 3788
11105 3789
11137 3789
11169 3792
11201 3792
11233 3797
11265 3798
11297 3801
11329 3805
11361 3805
11393 3807
11425 3807
11457 3809
11489 3809
11521 3809
11553 3812
11585 3814
11617 3816
11649 3816
11681 3816
11713 3821
11745 3821
11777 3829
11809 3831
11841 3833
11873 3833
11905 3838
11937 3838
11969 3839
12001 3839
12033 3842
12065 3842
12097 3842
12129 3850
12161 3850
12193 3861
12225 3862
12257 3862
12289 3863
12321 3864
12353 3877
12385 3880
12417 3881
12449 3890
12481 3890
12513 3891
12545 3891
12577 3892
12609 3904
12641 3909
12673 3910
12705 3912
12737 3917
12769 3917
12801 3917
12833 3917
12865 3917
12897 3927
12929 3930
12961 3930
12993 3930
13025 3930
13057 3937
13089 3937
13121 3937
13153 3945
13185 3945
13217 3945
13249 3954
13281 3954
13313 3955
13345 3956
13377 3958
13409 3958
13441 3960
13473 3960
13505 3960
13537 3960
13569 3960
13601 3960
13633 3970
13665 3970
13697 3970
13729 3975
13761 3975
13793 3975
13825 3975
13857 3975
13889 3979
13921 3980
13953 3980
13985 3980
14017 3980
14049 3980
14081 3980
14113 3980
14145 3980
14177 3981
14209 3981
14241 3981
14273 3992
14305 3993
14337 4000
14369 4000
14401 4000
14433 4000
14465 4000
14497 4001
14529 4006
14561 4007
14593 4007
14625 4008
14657 4009
14689 4009
14721 4009
14753 4009
14785 4011
14817 4012
14849 4017
14881 4017
14913 4017
14945 4017
14977 4023
15009 4023
15041 4023
15073 4025
15105 4027
15137 4045
15169 4045
15201 4050
15233 4050
15265 4056
15297 4056
15329 4056
15361 4056
15393 4056
15425 4056
15457 4056
15489 4056
15521 4060
15553 4065
15585 4067
15617 4067
15649 4067
15681 4068
15713 4068
15745 4068
15777 4068
15809 4068
15841 4068
15873 4069
15905 4086
15937 4087
15969 4090
16001 4090
16033 4092
16065 4092
16097 4092
16129 4096
16161 4096
16193 4131
16225 4132
16257 4132
16289 4133
16321 4135
16353 4140
16385 4141
16417 4145
16449 4145
16481 4145
16513 4146
16545 4146
16577 4146
16609 4146
16641 4146
16673 4149
16705 4169
16737 4171
16769 4172
16801 4172
16833 4176
16865 4176
16897 4176
16929 4178
16961 4178
16993 4181
17025 4182
17057 4183
17089 4184
17121 4184
17153 4185
17185 4193
17217 4193
17249 4194
17281 4205
17313 4210
17345 4210
17377 4215
17409 4216
17441 4218
17473 4218
17505 4225
17537 4226
17569 4226
17601 4227
17633 4227
17665 4230
17697 4234
17729 4236
17761 4238
17793 4238
17825 4240
17857 4240
17889 4240
17921 4242
17953 4244
17985 4244
18017 4244
18049 4245
18081 4246
18113 4249
18145 4249
18177 4249
18209 4270
18241 4270
18273 4270
18305 4270
18337 4270
18369 4270
18401 4270
18433 4270
18465 4270
18497 4287
18529 4287
18561 4290
18593 4291
18625 4291
18657 4292
18689 4297
18721 4298
18753 4300
18785 4300
18817 4300
18849 4300
18881 4325
18913 4326
18945 4326
18977 4327
19009 4334
19041 4337
19073 4338
19105 4350
19137 4351
19169 4355
19201 4355
19233 4355
19265 4376
19297 4380
19329 4381
19361 4382
19393 4385
19425 4386
19457 4386
19489 4416
19521 4417
19553 4417
19585 4417
19617 4417
19649 4417
19681 4418
19713 4424
19745 4425
19777 4426
19809 4426
19841 4426
19873 4431
19905 4433
19937 4433
19969 4433
20001 4433
