321.0 p=5 tap=46 reset=true scheme=5 ops=2,2,3,2,1,2,2,2,3,0,2,0,0,2,3,1,2,1,2,3,2,1,0,0,0,3,3,3,2,0,1,2,1,3,2,2,2,2,0,2,3,0,0,3,1,1,0,0,1,3,1,3,2,2,0,3,1,1,3,3,3,1,2,0 ks=33,114,0,15,0,0,0,75,51,0,0,0,0,0,115,0,0,0,0,0,117,0,0,146,80,123,0,0,0,0,0,81,0,0,197,225,0,0,0,191,0,0,92,0,0,251,0,0,0,0,129,0,47,51,94,0,174,33,222,0,175,0,0,0
321.1 p=5 tap=11 reset=true scheme=5 ops=2,2,3,2,1,2,2,2,3,0,2,0,0,2,3,1,2,0,2,3,2,1,0,0,0,3,3,3,2,0,1,2,1,3,2,2,2,2,0,2,3,0,0,3,1,1,0,0,1,3,1,3,2,2,0,3,1,1,3,3,3,1,2,0 ks=33,114,0,15,0,0,0,75,51,0,0,0,0,0,115,0,0,0,0,0,117,0,0,146,80,123,0,0,0,0,0,81,0,0,197,225,0,0,0,191,0,0,92,0,0,251,0,0,0,0,129,0,47,51,94,0,174,33,222,0,175,0,0,0
321.2 p=5 tap=46 reset=false scheme=5 ops=2,2,3,2,1,2,2,2,3,0,2,0,0,2,3,1,2,1,2,3,2,1,0,0,0,3,3,3,2,0,1,2,1,3,2,2,2,1,0,2,3,0,0,3,1,1,0,0,1,3,1,3,2,2,0,3,1,1,3,3,3,1,2,0 ks=33,114,0,15,0,0,0,75,51,0,0,0,0,0,115,0,0,0,0,0,117,0,0,146,80,123,0,0,0,0,0,81,0,0,197,225,0,0,0,191,0,0,92,0,0,251,0,0,0,0,129,0,47,51,94,0,174,33,222,0,175,0,0,0
321.3 p=5 tap=46 reset=true scheme=5 ops=2,2,3,2,1,2,2,2,3,0,2,0,0,2,3,1,2,1,2,3,2,1,0,0,0,3,3,3,2,0,1,2,1,3,2,2,2,2,0,2,3,0,0,3,1,1,0,0,1,3,1,3,2,2,0,3,1,1,3,3,3,1,2,0 ks=33,114,0,15,0,0,0,75,51,0,0,0,0,0,115,0,0,0,0,0,117,0,0,146,80,123,0,0,0,0,0,81,0,0,197,225,0,0,0,191,0,0,92,0,0,251,0,0,0,0,129,0,47,51,94,0,174,33,222,0,175,0,0,0
321.4 p=5 tap=46 reset=true scheme=5 ops=2,2,3,2,1,2,2,2,3,0,2,0,0,2,3,1,2,1,2,3,2,1,0,0,0,3,3,3,2,0,1,2,1,3,2,2,2,2,0,2,3,0,0,3,1,1,0,0,1,3,1,3,2,2,0,3,1,1,3,3,3,1,2,0 ks=33,114,0,15,0,0,0,75,51,0,0,0,0,0,115,0,0,0,0,0,157,0,0,146,80,123,0,0,0,0,0,81,0,0,197,225,0,0,0,191,0,0,92,0,0,251,0,0,0,0,129,0,47,51,94,0,174,33,222,0,175,0,0,0
321.5 p=5 tap=46 reset=false scheme=5 ops=2,2,3,2,1,2,2,2,3,0,2,0,0,2,3,1,2,1,2,3,2,1,0,0,0,3,3,3,2,0,1,2,1,3,3,2,2,2,0,2,3,0,0,3,1,1,0,0,1,3,1,3,2,2,0,3,1,1,3,3,3,1,2,0 ks=33,114,0,15,0,0,0,75,51,0,0,0,0,0,115,0,0,0,0,0,117,0,0,146,80,123,0,0,0,0,0,81,0,0,197,225,0,0,0,191,0,0,92,0,0,251,0,0,0,0,129,0,47,51,94,0,174,33,222,0,175,0,0,0
321.6 p=5 tap=46 reset=true scheme=5 ops=2,2,3,2,1,2,2,2,3,0,2,0,0,2,3,1,2,1,2,3,2,1,0,0,0,3,3,3,2,0,1,2,1,3,2,2,2,2,0,0,3,0,0,3,1,0,0,0,1,3,1,3,2,2,0,3,1,1,3,3,3,1,2,0 ks=33,114,0,15,0,0,0,75,51,0,0,0,0,0,115,0,0,0,0,0,117,0,0,146,80,123,0,0,0,0,0,81,0,0,197,225,0,0,0,191,0,0,92,0,0,251,0,0,0,0,129,0,47,51,94,0,174,33,222,0,175,0,0,0
321.7 p=5 tap=46 reset=true scheme=5 ops=2,2,3,2,1,2,2,2,3,0,2,0,0,2,3,1,2,1,2,3,2,1,0,0,0,3,3,3,2,0,1,2,1,3,2,2,2,2,0,2,3,0,0,3,1,1,0,0,1,3,1,3,2,2,0,3,1,1,3,3,3,1,2,0 ks=33,114,0,15,0,0,0,75,51,0,0,0,0,0,115,0,0,0,0,0,117,0,0,146,80,123,0,0,0,0,0,81,0,0,197,225,0,0,0,191,0,0,92,0,0,251,0,0,0,0,129,0,47,51,94,0,174,33,222,0,175,0,0,0
422.0 p=5 tap=5 reset=true scheme=5 ops=2,0,3,2,3,0,1,1,3,0,3,2,0,3,2,2,3,0,0,3,3,0,0,0,3,2,2,0,3,0,2,0,2,3,3,2,0,1,1,3,2,1,0,3,2,2,3,3,0,0,3,2,1,3,3,2,1,3,2,1,1,3,3,3 ks=1,0,185,213,0,0,0,0,96,111,0,0,0,0,47,191,0,0,91,133,0,0,0,0,0,242,0,0,0,181,0,151,0,163,120,24,147,0,107,0,0,0,231,0,37,0,0,0,0,25,106,0,0,0,0,0,0,151,0,6,0,231,0,108
422.1 p=5 tap=5 reset=false scheme=4 ops=2,0,3,2,3,0,1,1,3,0,3,2,0,3,2,2,3,0,0,3,3,0,0,0,3,2,2,0,3,0,2,0,2,3,3,2,0,1,1,3,2,1,0,3,2,2,3,3,0,0,3,2,1,3,3,2,1,3,2,1,1,3,3,3 ks=1,0,185,213,0,0,0,0,96,111,0,0,0,0,47,191,0,0,91,133,0,0,0,0,0,242,0,0,0,181,0,151,0,163,120,24,147,0,107,0,0,0,231,0,37,0,0,0,0,25,106,0,0,0,0,0,0,151,0,6,0,231,0,108
422.2 p=5 tap=3 reset=true scheme=5 ops=2,0,3,2,3,0,1,1,3,0,3,2,0,3,2,2,3,0,0,3,3,0,0,0,3,2,2,0,3,0,2,0,2,3,3,2,0,1,1,3,2,1,0,3,2,2,3,3,0,0,3,2,1,3,3,2,1,3,2,1,1,3,3,3 ks=1,0,185,213,0,0,0,0,96,111,0,0,0,0,47,191,0,0,91,133,0,0,0,0,0,242,0,0,0,181,0,151,0,163,120,24,147,0,107,0,0,0,231,0,37,0,0,0,0,25,106,0,0,0,0,0,0,151,0,6,0,231,0,108
422.3 p=5 tap=8 reset=false scheme=5 ops=2,0,3,2,3,0,1,1,0,0,3,2,0,3,2,2,3,0,0,3,3,0,0,0,3,2,2,0,3,0,2,0,2,3,3,2,0,1,1,3,2,1,0,3,2,2,3,3,0,0,3,2,1,3,3,2,1,3,2,1,1,3,3,3 ks=1,0,185,213,0,0,0,0,96,111,0,0,0,0,47,191,0,0,91,133,0,0,0,0,0,242,0,0,0,181,0,151,0,163,120,24,147,0,107,0,0,0,231,0,37,0,0,0,0,25,106,0,0,0,0,0,0,151,0,6,0,231,0,108
422.4 p=5 tap=1 reset=true scheme=5 ops=2,0,3,2,3,0,1,1,3,0,3,2,0,3,2,2,3,0,0,3,3,0,0,0,3,2,2,0,3,0,2,0,2,3,3,2,0,1,1,3,2,1,0,3,2,2,3,3,0,0,3,2,1,3,3,2,1,3,2,1,1,3,3,3 ks=1,0,185,213,0,0,0,0,96,111,0,0,0,0,47,191,0,0,91,133,0,0,0,0,0,242,0,0,0,181,0,151,0,163,120,24,147,0,107,0,0,0,231,0,37,0,0,0,0,25,106,0,0,0,0,0,0,151,0,6,0,231,0,108
422.5 p=5 tap=5 reset=true scheme=5 ops=2,0,3,2,3,0,1,1,3,0,3,2,0,3,2,2,3,0,0,3,3,0,0,0,3,2,2,0,3,0,1,0,2,3,3,2,0,1,1,3,2,1,0,3,2,2,3,2,0,0,3,2,1,3,3,2,1,3,2,1,1,3,3,3 ks=1,0,185,213,0,0,0,0,96,111,0,0,0,0,47,191,0,0,91,133,0,0,0,0,0,242,0,0,0,181,0,151,0,163,120,24,147,0,107,0,0,0,231,0,37,0,0,0,0,25,106,0,0,0,0,0,0,151,0,6,0,231,0,108
422.6 p=5 tap=5 reset=true scheme=5 ops=2,0,3,2,3,0,1,1,3,0,3,2,0,3,2,2,3,0,0,3,3,0,0,0,3,2,2,0,3,0,2,0,1,3,3,2,0,1,1,3,2,1,0,3,2,2,3,3,0,0,3,2,1,3,3,2,1,3,2,1,1,3,3,3 ks=1,0,185,213,0,0,0,0,96,111,0,0,0,0,47,191,0,0,91,133,0,0,0,0,0,242,0,0,0,181,0,151,0,163,120,24,147,0,107,0,0,0,231,0,37,0,0,0,0,25,106,0,0,0,0,0,0,151,0,6,0,231,0,108
422.7 p=2 tap=5 reset=false scheme=5 ops=2,0,3,2,3,0,1,1,3,0,3,2,0,3,2,2,3,0,0,3,3,0,0,0,3,2,2,0,3,0,2,0,2,3,3,2,0,1,1,3,2,1,0,3,2,2,3,3,0,0,3,2,1,3,3,2,1,3,2,1,1,3,3,3 ks=1,0,185,213,0,0,0,0,96,111,0,0,0,0,47,191,0,0,91,133,0,0,0,0,0,242,0,0,0,181,0,151,0,163,120,24,147,0,107,0,0,0,231,0,37,0,0,0,0,25,106,0,0,0,0,0,0,151,0,6,0,231,0,108
442.0 p=10 tap=5 reset=true scheme=0 ops=2,0,1,2,3,0,1,1,3,0,3,2,0,3,2,2,3,0,0,3,3,0,0,0,3,2,2,0,3,0,2,0,2,3,3,2,0,1,1,3,2,1,0,3,2,2,3,3,0,0,3,2,1,3,3,2,1,3,2,1,1,3,3,3 ks=1,0,185,213,0,0,0,0,96,111,0,0,0,0,47,191,0,0,0,133,0,0,0,0,0,242,0,0,0,181,0,151,0,163,0,24,147,0,0,0,0,0,231,0,37,0,0,0,0,25,106,0,0,0,0,0,0,151,0,6,0,231,0,108
442.1 p=10 tap=5 reset=true scheme=4 ops=2,0,1,2,3,0,1,1,3,0,3,2,0,3,2,2,3,0,0,3,3,0,0,0,3,2,2,0,3,0,2,0,2,3,3,2,0,1,1,3,2,1,0,3,2,2,3,3,0,0,3,2,1,3,3,2,1,3,2,1,1,3,3,3 ks=1,0,185,213,0,0,0,0,96,111,0,0,0,0,47,191,0,0,0,133,0,0,0,0,0,242,0,0,0,181,0,151,0,163,0,24,147,0,0,0,0,0,231,0,37,0,0,0,0,25,106,0,0,0,0,0,0,151,0,6,0,231,0,108
442.2 p=10 tap=56 reset=true scheme=0 ops=2,0,1,2,3,0,1,1,3,0,3,2,0,3,2,2,3,0,0,3,3,0,0,0,3,2,2,0,3,0,2,0,2,3,3,2,0,1,1,3,2,1,0,3,2,2,3,3,0,0,3,2,1,3,3,2,1,3,2,1,1,3,3,3 ks=1,0,185,213,0,0,0,0,96,111,0,0,0,0,47,191,0,0,0,133,0,0,0,0,0,242,0,0,0,181,0,151,0,163,0,24,147,0,0,0,0,0,231,0,37,0,0,0,0,25,106,0,0,0,0,0,0,151,0,6,0,231,0,108
442.3 p=10 tap=5 reset=true scheme=0 ops=2,0,1,2,3,0,1,1,3,0,3,2,0,3,2,2,3,0,0,3,3,0,0,0,3,2,2,0,3,0,2,0,2,3,3,2,0,1,1,3,2,1,0,3,2,2,3,3,0,0,3,2,1,3,3,2,1,3,2,1,1,3,3,3 ks=1,0,185,213,0,0,0,0,96,111,0,0,0,0,47,191,0,0,0,133,0,0,0,0,0,242,0,0,0,181,0,151,0,163,0,24,147,0,0,0,0,0,231,0,37,0,0,0,0,25,106,0,0,0,0,0,0,151,0,6,0,231,0,108
442.4 p=10 tap=5 reset=true scheme=0 ops=2,0,1,2,3,0,1,1,3,0,3,2,0,3,2,2,3,0,0,3,3,0,0,0,3,2,2,0,3,0,2,0,2,3,3,2,0,1,1,3,2,1,0,3,2,2,3,1,0,0,3,2,1,3,3,2,1,3,2,1,1,3,3,3 ks=1,0,185,213,0,0,0,0,96,111,0,0,0,0,47,191,0,0,0,133,0,0,0,0,0,242,0,0,0,181,0,151,0,163,0,24,147,0,0,0,0,0,231,0,37,0,0,0,0,25,106,0,0,0,0,0,0,151,0,6,0,231,0,108
442.5 p=10 tap=5 reset=true scheme=3 ops=2,0,1,2,3,0,1,1,3,0,3,2,0,3,2,2,3,0,0,3,3,0,0,0,3,2,2,0,3,0,2,2,2,3,3,2,0,1,1,3,2,1,0,3,2,2,3,3,0,0,3,2,1,3,3,2,1,3,2,1,1,3,3,3 ks=1,0,185,213,0,0,0,0,96,111,0,0,0,0,47,191,0,0,0,133,0,0,0,0,0,242,0,0,0,181,0,151,0,163,0,24,147,0,0,0,0,0,231,0,37,0,0,0,0,25,106,0,0,0,0,0,0,151,0,6,0,231,0,108
442.6 p=2 tap=15 reset=true scheme=0 ops=2,0,1,2,3,0,1,1,3,0,3,2,0,3,2,2,3,0,0,3,3,0,0,0,3,2,2,0,3,0,2,0,2,3,3,2,0,1,1,3,2,1,0,3,2,2,3,3,0,0,3,2,1,3,3,2,1,3,2,1,1,3,3,3 ks=1,0,185,213,0,0,0,0,96,111,0,0,0,0,47,191,0,0,0,133,0,0,0,0,0,242,0,0,0,181,0,151,0,163,0,24,147,0,0,0,0,0,231,0,37,0,0,0,0,25,106,0,0,0,0,0,0,151,0,6,0,231,0,108
442.7 p=10 tap=15 reset=true scheme=0 ops=2,0,1,2,3,0,1,1,3,0,3,2,0,3,2,2,3,0,0,3,3,0,0,0,3,2,2,0,3,0,2,0,2,3,3,2,0,1,0,3,2,1,0,3,2,2,3,3,0,0,3,2,1,3,3,2,1,3,2,1,1,3,3,3 ks=1,0,185,213,0,0,0,0,96,111,0,0,0,0,47,191,0,0,0,133,0,0,0,0,0,242,0,0,0,181,0,151,0,163,0,24,147,0,0,0,0,0,231,0,37,0,0,0,0,25,106,0,0,0,0,0,0,151,0,6,0,231,0,0
341.0 p=5 tap=46 reset=true scheme=1 ops=2,2,1,2,1,2,2,2,3,0,2,0,0,2,3,1,2,1,2,3,2,1,0,0,0,3,3,3,2,0,1,2,1,3,2,2,2,2,0,2,3,0,0,3,1,1,0,0,1,3,1,3,2,2,0,3,1,1,3,3,3,1,2,0 ks=33,114,0,15,0,0,0,75,51,0,0,0,0,0,115,0,0,0,0,0,117,0,0,146,80,123,0,0,0,0,0,81,0,0,197,225,0,0,0,191,0,0,92,0,0,251,0,0,0,0,129,0,47,51,94,0,174,33,222,0,175,0,0,0
341.1 p=5 tap=37 reset=true scheme=1 ops=2,2,1,2,1,2,2,2,3,0,2,0,0,2,3,1,2,1,2,3,2,1,0,0,0,3,3,3,2,0,1,2,1,3,2,2,2,2,0,2,3,0,0,3,1,1,0,0,1,3,1,3,2,2,0,3,1,1,3,3,3,1,2,0 ks=84,114,0,15,0,0,0,75,51,159,0,0,0,0,115,0,0,0,0,0,117,0,0,146,80,123,0,0,0,0,0,81,0,0,197,225,0,0,0,191,0,0,92,0,0,251,0,0,0,0,129,0,47,51,94,0,174,33,222,0,175,0,0,0
341.2 p=5 tap=46 reset=false scheme=1 ops=2,2,1,2,1,2,2,2,3,0,2,0,0,2,3,1,2,1,2,3,2,1,0,0,0,3,3,3,2,0,1,2,1,3,2,2,2,2,0,2,3,0,0,3,1,1,0,0,1,3,1,3,2,2,0,3,1,1,3,3,3,1,2,0 ks=33,114,0,15,0,0,0,75,51,0,0,0,0,0,115,0,0,0,0,0,117,0,0,146,80,123,0,0,0,0,0,81,0,0,197,225,0,0,0,191,0,0,92,0,0,251,0,0,0,0,129,0,47,51,94,0,174,33,222,0,175,0,0,0
341.3 p=5 tap=46 reset=true scheme=1 ops=2,2,1,2,1,2,1,2,3,0,2,0,0,2,3,1,2,1,2,3,2,1,0,0,0,3,3,3,2,0,1,2,1,0,2,2,2,2,0,2,3,0,0,3,1,1,0,0,1,3,1,3,2,2,0,3,1,1,3,3,3,1,0,0 ks=33,114,0,15,0,0,0,75,51,0,0,0,0,0,115,0,0,0,0,13,117,0,0,146,80,123,0,0,0,0,0,81,0,0,197,225,0,0,0,191,0,0,92,0,0,251,0,0,0,0,129,0,47,51,94,0,174,33,222,0,175,0,0,0
341.4 p=5 tap=46 reset=true scheme=2 ops=2,2,1,2,1,2,2,2,3,0,2,0,0,2,3,1,2,1,2,3,2,1,0,0,0,3,3,3,2,0,1,2,1,3,2,2,2,2,1,2,3,0,0,3,1,1,0,0,1,3,1,3,2,2,0,3,1,1,3,3,3,1,2,0 ks=0,114,0,15,0,0,0,75,51,0,0,0,0,0,115,0,0,0,0,0,117,0,0,146,80,123,0,0,0,0,0,81,0,0,197,225,0,0,0,191,0,0,92,0,0,251,0,0,0,0,129,0,47,51,94,0,174,33,222,0,175,0,0,0
341.5 p=5 tap=46 reset=true scheme=1 ops=2,2,1,2,1,2,2,2,3,0,2,0,0,2,3,1,2,1,2,3,2,1,0,0,0,3,3,3,2,0,1,2,1,3,2,2,2,2,0,2,3,0,0,3,1,1,0,0,1,3,1,3,2,2,0,3,1,1,3,3,3,1,2,0 ks=33,114,0,15,0,0,0,75,51,0,0,0,0,0,115,0,0,0,0,0,117,0,0,146,80,123,0,150,0,0,0,81,0,0,197,225,0,0,0,191,0,0,92,0,0,251,0,0,0,0,129,0,47,51,94,0,174,33,222,0,175,0,0,0
341.6 p=5 tap=46 reset=true scheme=4 ops=2,2,1,2,1,2,2,2,3,0,2,0,0,2,3,1,2,1,2,3,2,1,0,0,0,3,3,3,2,0,1,2,1,3,2,2,2,2,0,2,3,0,0,3,1,1,0,0,1,3,1,3,2,2,0,3,1,1,3,3,3,1,2,0 ks=33,114,0,15,0,0,0,75,51,0,0,0,0,0,115,0,0,0,0,0,117,0,0,146,80,123,0,0,0,0,0,81,0,0,197,225,0,0,0,191,0,0,92,0,0,251,0,0,0,0,129,0,47,51,94,0,174,33,222,0,175,0,0,0
341.7 p=1 tap=46 reset=true scheme=1 ops=2,2,3,2,1,2,2,2,3,0,2,0,0,2,3,1,2,3,2,3,2,1,0,0,0,3,3,3,2,0,1,2,1,3,2,2,2,2,0,2,3,0,0,3,1,1,0,0,0,3,1,3,2,2,0,3,1,1,3,3,3,1,2,0 ks=33,114,0,15,0,0,0,75,51,0,0,0,0,0,115,0,0,0,0,0,117,0,0,146,80,123,0,0,0,0,0,81,0,0,197,225,0,0,0,191,0,0,92,0,0,251,0,0,0,0,129,0,47,51,94,0,174,33,222,0,175,0,0,0
312.0 p=5 tap=46 reset=true scheme=1 ops=2,2,1,2,1,2,2,2,3,0,2,0,0,2,3,1,2,1,2,3,2,0,0,0,0,3,3,3,2,0,1,2,1,3,2,2,2,2,0,2,3,0,0,3,1,1,0,0,1,3,1,3,2,2,0,3,1,1,3,3,3,1,2,0 ks=33,114,0,15,0,0,0,75,51,0,0,0,0,0,115,0,0,0,0,0,117,0,0,146,80,123,0,0,0,0,0,81,0,0,197,225,0,0,0,191,0,0,92,0,0,251,0,0,0,0,129,0,47,51,94,0,174,33,222,0,175,0,0,0
312.1 p=5 tap=46 reset=true scheme=2 ops=2,2,1,2,1,2,2,2,3,0,2,0,0,2,3,1,2,1,2,3,2,0,0,0,0,3,3,3,2,0,1,2,1,3,2,2,2,2,0,2,3,0,0,3,1,1,0,0,1,3,1,3,2,2,0,3,1,1,3,3,3,1,2,0 ks=33,114,0,15,0,0,0,75,51,0,0,0,0,0,115,0,0,0,0,0,117,0,0,146,80,123,0,0,0,0,0,81,0,0,197,225,0,0,0,191,0,0,92,0,0,29,0,0,0,0,129,0,47,51,94,0,174,33,222,0,175,0,0,0
312.2 p=5 tap=46 reset=true scheme=1 ops=2,2,1,2,1,2,2,2,3,0,2,0,0,2,3,1,2,1,2,3,2,0,0,0,0,3,3,3,2,0,1,2,1,3,0,2,2,2,0,2,3,0,0,3,1,1,0,0,1,3,1,3,2,2,0,3,1,1,3,3,3,1,2,0 ks=33,114,0,15,0,0,0,75,51,0,0,0,0,0,115,0,0,0,0,0,117,0,0,146,80,123,0,0,0,0,0,81,0,0,197,225,0,0,0,191,0,0,92,0,0,251,0,0,0,0,129,0,47,51,94,0,174,33,222,0,175,0,0,0
312.3 p=2 tap=46 reset=true scheme=1 ops=2,2,1,2,1,2,2,2,3,0,2,0,0,2,3,1,2,1,2,3,2,2,0,0,0,3,3,3,2,0,1,2,1,3,2,2,2,2,0,2,3,0,0,3,1,1,0,0,1,3,1,3,2,2,0,3,1,1,3,3,3,1,2,0 ks=33,114,0,15,0,0,0,75,51,0,0,0,0,0,115,0,0,0,0,0,117,0,0,146,80,123,0,0,0,0,0,81,0,0,197,225,0,0,0,191,0,0,92,0,0,251,0,0,0,0,129,0,47,51,94,0,174,33,222,0,175,0,0,0
312.4 p=5 tap=46 reset=true scheme=1 ops=2,2,1,2,1,2,2,2,3,0,2,0,0,2,3,1,2,1,2,3,2,0,0,0,0,3,3,3,2,0,1,2,1,3,2,2,2,2,0,2,3,0,0,3,1,1,0,0,1,3,1,3,2,2,0,3,1,1,3,3,3,1,2,0 ks=33,114,0,15,0,0,0,75,51,0,0,0,0,0,115,0,0,0,0,0,117,0,0,146,80,123,0,0,0,0,0,81,0,0,197,225,0,0,0,191,0,0,92,0,0,251,0,0,0,0,129,0,47,51,94,0,174,33,222,0,175,0,0,0
312.5 p=5 tap=46 reset=true scheme=1 ops=2,2,1,2,1,2,2,2,3,0,2,0,0,2,3,1,2,1,2,3,2,0,0,0,0,3,3,3,2,0,1,2,1,3,2,2,2,2,0,2,3,3,0,3,1,1,0,0,1,3,1,3,2,2,0,3,1,1,3,3,2,1,2,0 ks=33,114,0,15,0,0,0,75,51,0,0,0,0,0,115,0,0,0,0,0,117,0,0,146,80,123,0,0,0,0,0,81,0,0,197,225,0,0,0,191,50,0,92,0,0,251,0,0,0,0,129,0,47,51,94,0,174,33,222,0,175,0,0,0
312.6 p=5 tap=56 reset=true scheme=1 ops=2,2,1,2,1,2,2,2,3,0,2,0,0,2,3,1,2,1,2,3,2,0,0,0,0,3,3,3,2,0,1,2,1,3,2,2,2,2,0,2,3,0,0,3,1,1,0,0,1,3,1,3,2,2,0,3,1,1,3,3,3,1,2,0 ks=33,114,0,15,0,0,0,75,51,0,0,0,0,0,115,0,0,0,0,0,117,0,0,146,80,123,0,0,0,0,0,81,0,0,197,225,0,0,0,191,0,0,92,0,0,251,0,0,0,0,129,0,47,51,94,0,174,33,222,0,175,0,0,0
312.7 p=1 tap=46 reset=true scheme=1 ops=2,2,1,2,1,2,2,2,3,0,2,0,0,2,3,1,2,1,2,3,2,0,0,0,0,3,3,3,2,0,1,2,1,3,2,2,2,2,0,2,3,0,0,3,1,1,0,0,1,3,1,3,2,2,0,3,1,1,3,3,3,1,2,0 ks=33,114,0,15,0,0,0,75,51,0,0,0,0,0,115,0,0,0,0,0,117,0,0,146,80,123,0,0,0,0,0,81,0,0,197,225,0,0,0,191,0,0,92,138,0,251,0,0,0,0,129,0,47,51,94,0,174,33,222,0,175,0,0,0
141.0 p=10 tap=46 reset=false scheme=4 ops=2,2,1,2,1,2,2,2,3,0,2,0,0,2,3,1,2,1,2,3,2,2,0,0,0,3,3,3,2,0,1,2,1,3,2,2,2,2,0,2,3,0,0,3,1,1,0,0,1,3,1,3,2,2,0,3,1,1,3,3,3,1,2,0 ks=33,114,0,15,0,0,0,75,51,0,0,0,0,0,115,0,0,0,0,0,117,0,0,146,80,123,0,0,0,0,0,81,0,0,197,225,0,0,0,191,0,0,220,0,0,251,0,0,0,0,4,0,47,51,94,0,174,33,222,0,175,0,71,0
141.1 p=2 tap=46 reset=false scheme=4 ops=2,2,1,2,1,2,2,2,3,0,2,0,0,2,3,1,2,1,2,3,2,2,0,0,0,3,3,3,2,0,1,2,1,3,2,2,2,2,0,2,3,0,0,3,1,1,0,0,1,3,0,3,2,2,0,3,1,1,3,3,3,0,2,0 ks=33,114,0,15,0,0,0,75,51,0,0,0,0,0,115,0,0,0,0,0,117,0,0,146,80,123,0,0,0,0,0,81,0,0,197,225,0,0,0,191,0,0,220,0,0,251,0,0,163,0,4,0,47,51,94,0,174,33,222,0,175,0,71,0
141.2 p=10 tap=46 reset=false scheme=4 ops=2,2,1,2,1,2,2,2,3,0,2,0,0,2,3,1,2,2,2,3,2,2,0,0,0,3,3,3,2,0,1,2,1,3,2,2,2,2,0,2,3,0,0,3,1,1,0,0,1,3,1,3,2,2,0,3,1,1,3,3,3,1,2,0 ks=33,114,0,15,0,0,0,75,51,0,0,0,0,0,115,0,0,0,0,0,117,0,0,146,80,123,0,0,0,0,0,81,0,0,197,225,0,0,0,191,0,0,220,0,0,251,0,0,0,0,4,0,47,51,94,0,174,33,222,0,175,0,71,0
141.3 p=10 tap=46 reset=true scheme=4 ops=0,2,1,2,1,2,2,2,3,0,2,0,0,2,3,1,2,1,2,3,2,2,0,0,0,3,3,3,2,0,1,2,1,3,2,2,2,2,0,2,3,0,0,3,1,1,0,0,1,3,1,3,2,2,0,3,1,1,3,3,3,1,2,0 ks=33,114,0,15,0,0,0,75,51,0,0,0,0,0,115,0,0,0,0,0,117,0,0,146,80,123,0,0,0,0,0,81,0,0,197,225,0,0,0,191,0,0,220,0,0,251,0,0,0,0,4,0,47,51,94,0,174,33,222,0,175,0,71,0
141.4 p=10 tap=46 reset=false scheme=4 ops=2,2,1,2,1,2,2,2,3,0,2,0,0,2,3,1,2,1,2,3,2,2,0,0,0,3,3,3,2,0,1,2,1,3,2,2,2,2,0,2,3,0,0,3,1,1,0,0,1,3,1,3,2,2,0,3,1,1,3,3,3,1,2,0 ks=33,114,0,15,0,0,0,75,51,0,0,0,0,0,115,0,0,0,0,0,117,0,0,146,80,123,0,0,0,0,0,81,0,0,197,225,0,0,0,191,0,0,220,0,0,251,0,0,0,0,4,0,47,14,94,0,174,33,222,0,175,0,71,0
141.5 p=10 tap=46 reset=true scheme=4 ops=2,2,1,2,1,2,2,2,3,0,2,0,0,2,3,1,2,1,2,3,2,2,0,0,0,3,3,3,2,0,1,2,1,3,2,2,2,2,0,2,3,0,0,3,1,1,0,0,1,3,1,3,2,2,0,3,1,1,3,3,3,1,2,0 ks=33,114,0,15,0,0,0,75,51,0,0,0,0,0,115,0,0,0,0,0,117,0,0,146,80,123,0,0,0,0,0,81,0,0,197,225,0,0,0,191,0,0,220,0,0,251,0,0,0,0,4,0,47,51,94,0,174,33,222,0,175,0,71,0
141.6 p=10 tap=5 reset=false scheme=4 ops=2,2,1,2,1,2,2,2,3,3,2,0,0,2,3,1,2,1,2,3,2,2,0,3,0,3,3,3,2,0,1,2,1,3,2,2,2,2,0,2,3,0,0,3,1,1,0,0,1,3,1,3,2,2,0,3,1,1,3,3,3,1,2,0 ks=33,114,0,15,0,0,0,75,51,0,0,0,0,0,115,0,0,0,0,0,117,0,0,146,80,123,0,0,0,0,0,81,0,0,197,225,0,0,0,191,0,0,220,0,0,251,0,0,0,0,4,0,47,51,94,0,174,33,222,0,175,0,71,0
141.7 p=10 tap=46 reset=false scheme=4 ops=2,2,1,2,1,2,2,2,3,0,2,0,0,2,3,1,2,1,2,3,2,2,0,0,0,3,3,3,2,0,1,2,1,3,2,2,2,2,0,2,3,0,0,3,1,1,0,0,1,3,1,3,2,2,0,3,1,1,3,3,3,3,2,0 ks=33,114,0,15,0,0,0,75,51,0,0,0,0,0,115,0,0,0,0,0,117,0,0,146,143,123,0,0,0,0,0,81,0,0,197,225,0,0,0,191,0,0,220,0,0,251,0,0,0,0,4,0,47,51,94,0,174,33,222,0,175,0,71,0
241.0 p=10 tap=46 reset=false scheme=5 ops=2,2,3,2,1,2,2,2,3,0,2,0,0,2,3,1,2,1,2,3,2,1,0,0,0,3,3,3,2,0,1,2,1,3,2,2,2,2,0,2,3,0,0,3,1,1,0,0,1,3,1,3,2,2,0,3,1,1,3,3,3,1,2,0 ks=33,114,0,15,0,0,0,75,51,0,0,0,0,0,115,0,0,0,0,0,117,0,0,146,80,123,0,0,0,0,0,0,0,0,197,225,0,0,0,191,0,0,92,0,0,251,0,0,0,0,129,0,47,51,94,0,174,33,222,0,175,0,0,0
241.1 p=10 tap=46 reset=true scheme=5 ops=2,2,3,2,1,2,2,2,3,0,2,0,0,2,3,1,2,1,2,3,2,1,0,0,0,3,3,3,2,0,1,2,1,3,2,2,2,2,0,2,3,0,0,3,1,1,0,0,1,3,1,3,2,2,0,3,1,1,3,3,3,1,2,0 ks=33,114,0,15,0,0,0,75,51,0,0,0,0,0,115,0,0,0,0,0,117,162,0,146,80,123,0,0,0,0,0,0,0,0,197,225,0,0,0,191,0,0,92,0,0,251,0,0,0,0,129,0,47,51,94,0,174,33,222,0,175,0,0,0
241.2 p=10 tap=46 reset=false scheme=3 ops=2,2,3,2,1,2,2,2,3,0,2,0,0,2,3,1,2,1,2,3,2,1,0,0,0,3,3,3,2,0,1,2,1,3,2,2,2,2,0,2,3,0,0,3,1,1,0,0,1,3,1,3,2,2,0,3,1,1,3,3,3,1,2,0 ks=33,114,0,15,0,0,0,75,51,0,0,0,0,0,115,0,0,0,0,0,117,0,0,146,95,123,0,0,0,0,0,0,0,0,197,225,0,0,0,191,0,0,92,0,0,251,0,0,0,0,129,0,47,51,94,0,174,33,222,0,175,0,0,0
241.3 p=10 tap=46 reset=true scheme=5 ops=2,3,3,2,1,2,2,2,3,0,2,0,0,2,3,1,2,1,2,3,2,1,0,0,0,3,3,3,2,0,1,2,1,2,2,2,2,2,0,2,3,0,0,3,1,1,0,0,1,3,1,3,2,2,0,3,1,1,3,3,3,1,2,0 ks=33,114,0,15,0,0,0,75,51,0,0,0,0,0,115,0,0,0,0,0,117,0,0,146,80,123,0,0,0,0,0,0,0,0,197,225,0,0,0,191,0,0,92,0,0,251,0,0,0,0,129,0,47,51,94,0,174,33,222,0,175,0,0,0
241.4 p=10 tap=46 reset=false scheme=5 ops=2,2,3,2,1,2,2,2,3,0,2,0,0,2,3,1,2,1,2,3,2,1,0,0,0,3,3,3,2,0,1,2,1,3,2,2,2,2,0,2,3,0,0,3,1,1,0,0,1,3,1,3,2,2,0,3,1,1,3,3,3,1,2,0 ks=33,114,0,15,0,0,0,75,51,0,0,0,0,0,115,0,0,0,0,0,117,0,0,146,80,123,0,0,0,0,0,0,0,0,197,225,0,0,0,191,0,0,92,0,0,251,0,0,0,0,129,0,47,51,94,0,174,33,222,0,175,0,0,0
241.5 p=10 tap=46 reset=false scheme=5 ops=2,2,3,2,1,2,2,2,3,0,2,0,0,2,3,1,2,1,2,3,2,1,0,0,0,3,3,3,2,0,1,2,2,3,2,2,2,1,0,2,3,0,0,3,1,1,0,0,1,3,0,3,2,2,0,3,1,1,3,3,3,1,2,0 ks=33,114,0,15,0,0,0,75,51,0,0,0,0,0,115,0,0,0,0,0,117,0,0,146,80,123,0,0,0,0,0,0,0,0,197,225,0,0,0,191,0,0,92,0,0,251,0,0,0,0,129,0,47,51,94,0,174,33,222,0,175,0,0,0
241.6 p=10 tap=26 reset=false scheme=5 ops=2,2,3,2,1,2,2,2,3,0,2,0,0,2,3,1,2,1,2,3,2,1,0,0,0,3,3,3,2,0,1,2,1,3,2,2,2,2,0,2,3,0,0,3,1,1,0,0,1,3,1,3,2,2,0,3,1,1,3,3,3,1,2,0 ks=33,114,0,15,0,0,0,75,51,0,0,0,0,0,115,0,0,0,0,0,117,0,0,146,80,123,0,0,0,0,0,0,0,0,197,225,0,0,0,191,0,0,92,0,0,251,0,0,0,0,129,0,47,51,94,0,174,33,222,0,175,0,0,0
241.7 p=10 tap=44 reset=false scheme=3 ops=2,2,3,2,1,2,2,2,1,0,2,0,0,2,3,1,2,1,2,3,2,1,0,0,0,3,3,3,2,0,1,2,1,1,2,2,2,2,0,2,3,0,0,3,1,1,0,0,1,3,1,3,2,2,0,3,1,1,3,3,3,1,2,0 ks=33,114,0,15,0,0,0,75,51,0,0,0,0,0,115,0,0,0,0,0,117,0,0,146,80,123,0,0,0,0,0,0,0,0,197,225,0,0,0,191,0,0,92,0,0,251,0,0,0,0,129,0,47,51,94,0,174,33,222,0,175,0,0,0
040.0 p=10 tap=46 reset=false scheme=5 ops=2,2,3,2,1,2,2,3,3,0,2,0,0,2,3,1,2,1,2,3,2,1,0,0,0,3,3,3,2,0,1,2,1,3,2,2,2,2,0,2,3,0,0,3,1,1,0,0,1,3,1,3,2,2,1,3,1,1,3,3,3,1,2,0 ks=33,114,0,15,0,0,0,75,51,0,0,0,0,0,115,0,0,0,0,0,117,0,0,146,80,123,0,0,0,0,0,81,0,0,197,225,0,0,0,191,0,0,92,0,0,251,0,0,0,0,129,0,47,51,94,0,174,33,222,0,175,0,0,0
040.1 p=2 tap=46 reset=false scheme=5 ops=2,2,3,2,1,2,2,3,3,0,2,0,0,2,3,1,2,1,2,3,2,1,0,0,0,3,3,3,2,0,1,2,1,3,2,2,2,2,0,2,3,0,0,3,1,2,0,0,1,3,1,3,2,2,1,3,1,1,3,3,3,1,2,0 ks=33,114,0,15,0,0,0,75,51,0,0,0,0,0,115,0,0,0,0,0,117,0,0,146,80,123,0,0,0,0,0,81,0,0,197,225,0,0,0,191,0,0,92,0,0,251,0,0,0,0,129,0,47,51,94,0,174,33,222,0,175,0,0,0
040.2 p=10 tap=46 reset=false scheme=5 ops=2,2,3,2,1,3,2,3,3,0,2,0,0,2,3,1,2,1,2,3,2,1,0,0,0,3,3,3,2,0,1,2,1,3,2,2,2,2,0,2,3,0,0,3,1,1,0,0,1,3,1,3,2,2,1,3,1,1,3,3,3,1,2,0 ks=33,114,0,15,0,0,0,75,51,0,0,0,0,0,115,0,0,0,0,0,117,0,0,146,80,123,0,0,0,0,0,81,0,0,197,225,0,0,0,191,0,0,92,0,0,251,0,0,0,0,129,0,47,51,94,0,174,33,222,0,175,0,0,0
040.3 p=10 tap=46 reset=false scheme=5 ops=2,2,3,2,1,2,2,3,3,0,2,0,0,2,3,1,2,1,2,3,2,1,0,0,0,3,3,3,2,0,1,2,1,3,2,2,2,2,0,2,3,0,0,3,1,1,0,0,1,3,1,3,2,2,1,3,1,1,3,3,3,1,2,0 ks=33,114,0,15,0,0,0,75,51,0,0,0,0,0,115,0,0,0,0,0,117,0,0,146,80,123,0,0,0,0,0,81,0,0,197,225,0,0,0,191,0,0,92,0,0,251,0,0,0,0,129,0,47,51,94,0,174,0,222,0,175,0,0,0
040.4 p=10 tap=46 reset=true scheme=5 ops=2,2,3,2,1,2,2,3,3,0,2,0,0,2,3,1,2,1,2,3,2,1,0,0,0,3,3,3,2,0,1,2,1,3,2,2,2,2,0,2,3,0,0,3,1,1,0,0,1,3,1,3,2,2,1,3,1,1,3,3,3,1,2,0 ks=33,114,0,15,0,0,0,75,51,0,0,0,0,0,115,0,0,0,0,167,117,0,0,146,80,123,0,0,0,0,0,81,0,0,197,225,0,0,0,191,0,0,92,0,0,251,0,0,0,0,129,0,47,51,94,0,174,33,222,0,175,0,0,0
040.5 p=10 tap=46 reset=false scheme=1 ops=2,2,3,2,1,2,2,3,3,0,2,0,0,2,3,1,2,1,2,3,2,1,0,0,0,3,3,3,2,0,1,2,1,3,2,2,2,2,0,2,3,0,0,3,1,1,0,0,1,3,1,3,2,2,1,3,1,1,3,3,3,1,2,0 ks=33,114,0,15,0,0,0,75,51,0,0,0,0,0,115,0,0,0,0,0,117,0,0,146,80,123,0,0,0,0,0,81,0,0,197,225,0,0,0,191,0,0,92,0,0,251,0,0,0,0,129,0,47,51,94,0,174,33,222,0,175,0,0,0
040.6 p=10 tap=46 reset=false scheme=5 ops=2,2,3,2,1,2,2,3,3,0,2,0,0,2,3,1,2,1,2,3,2,1,0,0,0,3,3,3,2,0,1,2,1,3,2,2,2,2,0,2,3,0,0,3,1,1,0,0,0,3,1,3,2,2,1,3,1,1,3,3,3,1,2,0 ks=33,114,0,15,0,0,0,75,51,0,0,0,0,0,115,0,0,0,0,0,117,0,0,146,80,123,0,0,0,0,0,81,0,0,197,225,0,0,0,191,0,0,92,0,0,251,0,0,0,0,129,0,47,51,94,0,174,33,222,0,175,0,0,0
040.7 p=10 tap=46 reset=false scheme=5 ops=2,2,3,2,1,2,2,3,3,0,2,0,0,2,3,1,2,3,2,2,2,1,0,0,0,3,3,3,2,0,1,2,1,3,2,2,2,2,0,2,3,0,0,3,1,1,0,0,1,3,1,3,2,2,1,3,1,1,3,3,3,1,2,0 ks=33,114,0,15,0,0,0,75,51,0,0,0,0,0,115,0,0,0,0,0,117,0,0,146,80,123,0,0,0,0,0,81,0,0,197,225,0,0,0,191,0,0,92,0,0,251,0,0,0,0,129,0,47,51,94,0,174,33,222,0,175,0,0,0
