0 65.4064 5000 261.6256 2600 329.6276 2600 523.2511 4200 1500
240000 65.4064 4925 261.6256 2522 329.6276 2522 523.2511 4158 1350
480000 65.4064 4851 261.6256 2446 329.6276 2446 523.2511 4116 1215
720000 65.4064 4778 261.6256 2372 329.6276 2372 523.2511 4075 1093
960000 65.4064 4706 261.6256 2301 329.6276 2301 523.2511 4034 984
1200000 65.4064 4636 261.6256 2232 329.6276 2232 523.2511 3994 885
1440000 65.4064 4566 261.6256 2165 329.6276 2165 523.2511 3954 797
1680000 65.4064 4498 261.6256 2100 329.6276 2100 523.2511 3914 717
1920000 65.4064 4430 261.6256 2037 329.6276 2037 523.2511 3875 645
2160000 65.4064 4364 261.6256 1976 329.6276 1976 523.2511 3836 581
2400000 65.4064 4298 261.6256 1917 329.6276 1917 523.2511 3798 523
2640000 65.4064 4234 261.6256 1859 329.6276 1859 523.2511 3760 470
2880000 65.4064 4170 261.6256 1803 329.6276 1803 523.2511 3722 423
3120000 65.4064 4108 261.6256 1749 329.6276 1749 523.2511 3685 381
3360000 65.4064 4046 261.6256 1697 329.6276 1697 523.2511 3648 343
3600000 65.4064 3985 261.6256 1646 329.6276 1646 523.2511 3612 308
3840000 65.4064 3925 261.6256 1597 329.6276 1597 523.2511 3576 277
4080000 65.4064 3867 261.6256 1549 329.6276 1549 523.2511 3540 250
4320000 65.4064 3809 261.6256 1502 329.6276 1502 523.2511 3504 225
4560000 65.4064 3751 261.6256 1457 329.6276 1457 523.2511 3469 202
4800000 65.4064 3695 261.6256 1413 329.6276 1413 523.2511 3435 182
5040000 65.4064 3640 261.6256 1371 329.6276 1371 523.2511 3400 164
5280000 65.4064 3585 261.6256 1330 329.6276 1330 523.2511 3366 147
5520000 65.4064 3531 261.6256 1290 329.6276 1290 523.2511 3333 132
5760000 65.4064 3478 261.6256 1251 329.6276 1251 523.2511 3299 119
6000000 65.4064 3426 261.6256 1214 329.6276 1214 523.2511 3266 107
6240000 65.4064 3375 261.6256 1177 329.6276 1177 523.2511 3234 96
6480000 65.4064 3324 261.6256 1142 329.6276 1142 523.2511 3201 87
6720000 65.4064 3274 261.6256 1108 329.6276 1108 523.2511 3169 78
6960000 65.4064 3225 261.6256 1074 329.6276 1074 523.2511 3138 70
7200000 65.4064 3177 261.6256 1042 329.6276 1042 523.2511 3106 63
7440000 65.4064 3129 261.6256 1011 329.6276 1011 523.2511 3075 57
7680000 65.4064 3082 261.6256 980 329.6276 980 523.2511 0 2537
7920000 65.4064 3036 261.6256 951 329.6276 951 523.2511 0 2030
8160000 65.4064 2990 261.6256 923 329.6276 923 523.2511 0 1624
8400000 65.4064 2946 261.6256 895 329.6276 895 523.2511 0 1299
8640000 65.4064 2901 261.6256 868 329.6276 868 523.2511 0 1039
8880000 65.4064 2858 261.6256 842 329.6276 842 523.2511 0 831
9120000 65.4064 2815 261.6256 817 329.6276 817 523.2511 0 665
9360000 65.4064 2773 261.6256 792 329.6276 792 523.2511 0 532
9600000 65.4064 2731 261.6256 768 329.6276 768 523.2511 0 425
9840000 65.4064 2690 261.6256 745 329.6276 745 523.2511 0 340
10080000 65.4064 2650 261.6256 723 329.6276 723 523.2511 0 272
10320000 65.4064 2610 261.6256 701 329.6276 701 523.2511 0 217
10560000 65.4064 2571 261.6256 680 329.6276 680 523.2511 0 174
10800000 65.4064 2532 261.6256 660 329.6276 660 523.2511 0 139
11040000 65.4064 2494 261.6256 640 329.6276 640 523.2511 0 111
11280000 65.4064 2457 261.6256 621 329.6276 621 523.2511 0 89
11520000 65.4064 2420 261.6256 602 329.6276 602 523.2511 0 71
11760000 65.4064 2384 261.6256 584 329.6276 584 523.2511 0 57
12000000 65.4064 2348 261.6256 566 329.6276 566 523.2511 0 45
12240000 65.4064 2313 261.6256 549 329.6276 549 523.2511 0 36
12480000 65.4064 2278 261.6256 533 329.6276 533 523.2511 0 29
12720000 65.4064 2244 261.6256 517 329.6276 517 523.2511 0 23
12960000 65.4064 2210 261.6256 501 329.6276 501 523.2511 0 18
13200000 65.4064 2177 261.6256 486 329.6276 486 523.2511 0 14
13440000 65.4064 2144 261.6256 472 329.6276 472 523.2511 0 11
13680000 65.4064 2112 261.6256 458 329.6276 458 523.2511 0 9
13920000 65.4064 2080 261.6256 444 329.6276 444 523.2511 0 7
14160000 65.4064 2049 261.6256 431 329.6276 431 523.2511 0 6
14400000 65.4064 2019 261.6256 418 329.6276 418 523.2511 0 4
14640000 65.4064 1988 261.6256 405 329.6276 405 523.2511 0 3
14880000 65.4064 1958 261.6256 393 329.6276 393 523.2511 0 3
15120000 65.4064 1929 261.6256 381 329.6276 381 659.2551 4178 0
15360000 65.4064 1900 261.6256 370 329.6276 370 659.2551 4137 0
15600000 65.4064 1872 261.6256 359 329.6276 359 659.2551 4095 0
15840000 65.4064 1844 261.6256 348 329.6276 348 659.2551 4054 0
16080000 65.4064 1816 261.6256 337 329.6276 337 659.2551 4014 0
16320000 65.4064 1789 261.6256 327 329.6276 327 659.2551 3974 0
16560000 65.4064 1762 261.6256 317 329.6276 317 659.2551 3934 0
16800000 65.4064 1735 261.6256 308 329.6276 308 659.2551 3895 0
17040000 65.4064 1709 261.6256 299 329.6276 299 659.2551 3856 0
17280000 65.4064 1684 261.6256 290 329.6276 290 659.2551 3817 0
17520000 65.4064 1658 261.6256 281 329.6276 281 659.2551 3779 0
17760000 65.4064 1633 261.6256 272 329.6276 272 659.2551 3741 0
18000000 65.4064 1609 261.6256 264 329.6276 264 659.2551 3704 0
18240000 65.4064 1585 261.6256 256 329.6276 256 659.2551 3667 0
18480000 65.4064 1561 261.6256 249 329.6276 249 659.2551 3630 0
18720000 65.4064 1538 261.6256 241 329.6276 241 659.2551 3594 0
18960000 65.4064 1515 261.6256 234 329.6276 234 659.2551 3558 0
19200000 65.4064 1492 261.6256 227 329.6276 227 659.2551 3522 0
19440000 65.4064 1469 261.6256 220 329.6276 220 659.2551 3487 0
19680000 65.4064 1447 261.6256 213 329.6276 213 659.2551 3452 0
19920000 65.4064 1426 261.6256 207 329.6276 207 659.2551 3417 0
20160000 65.4064 1404 261.6256 201 329.6276 201 659.2551 3383 0
20400000 65.4064 1383 261.6256 195 329.6276 195 659.2551 3349 0
20640000 65.4064 1362 261.6256 189 329.6276 189 659.2551 3316 0
20880000 65.4064 1342 261.6256 183 329.6276 183 659.2551 3283 0
21120000 65.4064 1322 261.6256 178 329.6276 178 659.2551 3250 0
21360000 65.4064 1302 261.6256 172 329.6276 172 659.2551 3217 0
21600000 65.4064 1283 261.6256 167 329.6276 167 659.2551 3185 0
21840000 65.4064 1263 261.6256 162 329.6276 162 659.2551 3153 0
22080000 65.4064 1244 261.6256 157 329.6276 157 659.2551 3122 0
22320000 65.4064 1226 261.6256 153 329.6276 153 659.2551 3091 0
22560000 65.4064 1207 261.6256 148 329.6276 148 783.9909 4189 2837
22800000 65.4064 1189 261.6256 143 329.6276 143 783.9909 4147 2269
23040000 65.4064 1171 261.6256 139 329.6276 139 783.9909 4106 1815
23280000 65.4064 1154 261.6256 135 329.6276 135 783.9909 4065 1452
23520000 65.4064 1136 261.6256 131 329.6276 131 783.9909 4024 1162
23760000 65.4064 1119 261.6256 127 329.6276 127 783.9909 3984 929
24000000 65.4064 1103 261.6256 123 329.6276 123 783.9909 3944 743
24240000 65.4064 1086 261.6256 119 329.6276 119 783.9909 3904 595
24480000 65.4064 1070 261.6256 116 329.6276 116 783.9909 3865 476
24720000 65.4064 1054 261.6256 112 329.6276 112 783.9909 3827 380
24960000 65.4064 1038 261.6256 109 329.6276 109 783.9909 3788 304
25200000 65.4064 1022 261.6256 106 329.6276 106 783.9909 3750 243
25440000 65.4064 1007 261.6256 102 329.6276 102 783.9909 3713 194
25680000 65.4064 992 261.6256 99 329.6276 99 783.9909 3676 155
25920000 65.4064 977 261.6256 96 329.6276 96 783.9909 3639 124
26160000 65.4064 962 261.6256 93 329.6276 93 783.9909 3603 99
26400000 65.4064 948 261.6256 91 329.6276 91 783.9909 3567 79
26640000 65.4064 934 261.6256 88 329.6276 88 783.9909 3531 63
26880000 65.4064 920 261.6256 85 329.6276 85 783.9909 3496 51
27120000 65.4064 906 261.6256 83 329.6276 83 783.9909 3461 40
27360000 65.4064 892 261.6256 80 329.6276 80 783.9909 3426 32
27600000 65.4064 879 261.6256 78 329.6276 78 783.9909 3392 26
27840000 65.4064 866 261.6256 75 329.6276 75 783.9909 3358 20
28080000 65.4064 853 261.6256 73 329.6276 73 783.9909 3324 16
28320000 65.4064 840 261.6256 71 329.6276 71 783.9909 3291 13
28560000 65.4064 827 261.6256 69 329.6276 69 783.9909 3258 10
28800000 65.4064 815 261.6256 67 329.6276 67 783.9909 3226 8
29040000 65.4064 803 261.6256 65 329.6276 65 783.9909 3193 6
29280000 65.4064 791 261.6256 63 329.6276 63 783.9909 3161 5
29520000 65.4064 779 261.6256 61 329.6276 61 783.9909 3130 4
29760000 65.4064 767 261.6256 59 329.6276 59 783.9909 3098 3
30000000 65.4064 755 261.6256 2600 329.6276 2600 698.4565 4200 1500
30240000 65.4064 744 261.6256 2522 329.6276 2522 698.4565 4158 1349
30480000 65.4064 733 261.6256 2446 329.6276 2446 698.4565 4116 1215
30720000 65.4064 722 261.6256 2372 329.6276 2372 698.4565 4075 1093
30960000 65.4064 711 261.6256 2301 329.6276 2301 698.4565 4034 984
31200000 65.4064 700 261.6256 2232 329.6276 2232 698.4565 3994 885
31440000 65.4064 690 261.6256 2165 329.6276 2165 698.4565 3954 797
31680000 65.4064 680 261.6256 2100 329.6276 2100 698.4565 3914 717
31920000 65.4064 669 261.6256 2037 329.6276 2037 698.4565 3875 645
32160000 65.4064 659 261.6256 1976 329.6276 1976 698.4565 3836 581
32400000 65.4064 649 261.6256 1917 329.6276 1917 698.4565 3798 523
32640000 65.4064 640 261.6256 1859 329.6276 1859 698.4565 3760 470
32880000 65.4064 630 261.6256 1803 329.6276 1803 698.4565 3722 423
33120000 65.4064 621 261.6256 1749 329.6276 1749 698.4565 3685 381
33360000 65.4064 611 261.6256 1697 329.6276 1697 698.4565 3648 343
33600000 65.4064 602 261.6256 1646 329.6276 1646 698.4565 3612 308
33840000 65.4064 593 261.6256 1597 329.6276 1597 698.4565 3576 277
34080000 65.4064 584 261.6256 1549 329.6276 1549 698.4565 3540 250
34320000 65.4064 575 261.6256 1502 329.6276 1502 698.4565 3504 225
34560000 65.4064 567 261.6256 1457 329.6276 1457 698.4565 3469 202
34800000 65.4064 558 261.6256 1413 329.6276 1413 698.4565 3435 182
35040000 65.4064 550 261.6256 1371 329.6276 1371 698.4565 3400 164
35280000 65.4064 542 261.6256 1330 329.6276 1330 698.4565 3366 147
35520000 65.4064 533 261.6256 1290 329.6276 1290 698.4565 3333 132
35760000 65.4064 525 261.6256 1251 329.6276 1251 698.4565 3299 119
36000000 65.4064 518 261.6256 1214 329.6276 1214 698.4565 3266 107
36240000 65.4064 510 261.6256 1177 329.6276 1177 698.4565 3234 96
36480000 65.4064 502 261.6256 1142 329.6276 1142 698.4565 3201 87
36720000 65.4064 495 261.6256 1108 329.6276 1108 698.4565 3169 78
36960000 65.4064 487 261.6256 1074 329.6276 1074 698.4565 3138 70
37200000 65.4064 480 261.6256 1042 329.6276 1042 698.4565 3106 63
37440000 65.4064 473 261.6256 1011 329.6276 1011 698.4565 3075 57
37680000 65.4064 466 261.6256 980 329.6276 980 659.2551 4168 2537
37920000 65.4064 459 261.6256 951 329.6276 951 659.2551 4126 2030
38160000 65.4064 452 261.6256 923 329.6276 923 659.2551 4085 1624
38400000 65.4064 445 261.6256 895 329.6276 895 659.2551 4044 1299
38640000 65.4064 438 261.6256 868 329.6276 868 659.2551 4004 1039
38880000 65.4064 432 261.6256 842 329.6276 842 659.2551 3964 831
39120000 65.4064 425 261.6256 817 329.6276 817 659.2551 3924 665
39360000 65.4064 419 261.6256 792 329.6276 792 659.2551 3885 532
39600000 65.4064 412 261.6256 768 329.6276 768 659.2551 3846 425
39840000 65.4064 406 261.6256 745 329.6276 745 659.2551 3807 340
40080000 65.4064 400 261.6256 723 329.6276 723 659.2551 3769 272
40320000 65.4064 394 261.6256 701 329.6276 701 659.2551 3732 217
40560000 65.4064 388 261.6256 680 329.6276 680 659.2551 3694 174
40800000 65.4064 382 261.6256 660 329.6276 660 659.2551 3657 139
41040000 65.4064 377 261.6256 640 329.6276 640 659.2551 3621 111
41280000 65.4064 371 261.6256 621 329.6276 621 659.2551 3585 89
41520000 65.4064 365 261.6256 602 329.6276 602 659.2551 3549 71
41760000 65.4064 360 261.6256 584 329.6276 584 659.2551 3513 57
42000000 65.4064 355 261.6256 566 329.6276 566 659.2551 3478 45
42240000 65.4064 349 261.6256 549 329.6276 549 659.2551 3443 36
42480000 65.4064 344 261.6256 533 329.6276 533 659.2551 3409 29
42720000 65.4064 339 261.6256 517 329.6276 517 659.2551 3375 23
42960000 65.4064 334 261.6256 501 329.6276 501 659.2551 3341 18
43200000 65.4064 329 261.6256 486 329.6276 486 659.2551 3308 14
43440000 65.4064 324 261.6256 472 329.6276 472 659.2551 3275 11
43680000 65.4064 319 261.6256 458 329.6276 458 659.2551 3242 9
43920000 65.4064 314 261.6256 444 329.6276 444 659.2551 3209 7
44160000 65.4064 309 261.6256 431 329.6276 431 659.2551 3177 6
44400000 65.4064 305 261.6256 418 329.6276 418 659.2551 3146 4
44640000 65.4064 300 261.6256 405 329.6276 405 659.2551 3114 3
44880000 65.4064 296 261.6256 393 329.6276 393 659.2551 3083 3
45120000 65.4064 291 261.6256 381 329.6276 381 587.3295 4178 0
45360000 65.4064 287 261.6256 370 329.6276 370 587.3295 4137 0
45600000 65.4064 283 261.6256 359 329.6276 359 587.3295 4095 0
45840000 65.4064 278 261.6256 348 329.6276 348 587.3295 4054 0
46080000 65.4064 274 261.6256 337 329.6276 337 587.3295 4014 0
46320000 65.4064 270 261.6256 327 329.6276 327 587.3295 3974 0
46560000 65.4064 266 261.6256 317 329.6276 317 587.3295 3934 0
46800000 65.4064 262 261.6256 308 329.6276 308 587.3295 3895 0
47040000 65.4064 258 261.6256 299 329.6276 299 587.3295 3856 0
47280000 65.4064 254 261.6256 290 329.6276 290 587.3295 3817 0
47520000 65.4064 250 261.6256 281 329.6276 281 587.3295 3779 0
47760000 65.4064 247 261.6256 272 329.6276 272 587.3295 3741 0
48000000 65.4064 243 261.6256 264 329.6276 264 587.3295 3704 0
48240000 65.4064 239 261.6256 256 329.6276 256 587.3295 3667 0
48480000 65.4064 236 261.6256 249 329.6276 249 587.3295 3630 0
48720000 65.4064 232 261.6256 241 329.6276 241 587.3295 3594 0
48960000 65.4064 229 261.6256 234 329.6276 234 587.3295 3558 0
49200000 65.4064 225 261.6256 227 329.6276 227 587.3295 3522 0
49440000 65.4064 222 261.6256 220 329.6276 220 587.3295 3487 0
49680000 65.4064 218 261.6256 213 329.6276 213 587.3295 3452 0
49920000 65.4064 215 261.6256 207 329.6276 207 587.3295 3417 0
50160000 65.4064 212 261.6256 201 329.6276 201 587.3295 3383 0
50400000 65.4064 209 261.6256 195 329.6276 195 587.3295 3349 0
50640000 65.4064 206 261.6256 189 329.6276 189 587.3295 3316 0
50880000 65.4064 202 261.6256 183 329.6276 183 587.3295 3283 0
51120000 65.4064 199 261.6256 178 329.6276 178 587.3295 3250 0
51360000 65.4064 196 261.6256 172 329.6276 172 587.3295 3217 0
51600000 65.4064 193 261.6256 167 329.6276 167 587.3295 3185 0
51840000 65.4064 191 261.6256 162 329.6276 162 587.3295 3153 0
52080000 65.4064 188 261.6256 157 329.6276 157 587.3295 3122 0
52320000 65.4064 185 261.6256 153 329.6276 153 587.3295 3091 0
52560000 65.4064 182 261.6256 148 329.6276 148 523.2511 0 2837
52800000 65.4064 179 261.6256 143 329.6276 143 523.2511 0 2269
53040000 65.4064 177 261.6256 139 329.6276 139 523.2511 0 1815
53280000 65.4064 174 261.6256 135 329.6276 135 523.2511 0 1452
53520000 65.4064 171 261.6256 131 329.6276 131 523.2511 0 1162
53760000 65.4064 169 261.6256 127 329.6276 127 523.2511 0 929
54000000 65.4064 166 261.6256 123 329.6276 123 523.2511 0 743
54240000 65.4064 164 261.6256 119 329.6276 119 523.2511 0 595
54480000 65.4064 161 261.6256 116 329.6276 116 523.2511 0 476
54720000 65.4064 159 261.6256 112 329.6276 112 523.2511 0 380
54960000 65.4064 156 261.6256 109 329.6276 109 523.2511 0 304
55200000 65.4064 154 261.6256 106 329.6276 106 523.2511 0 243
55440000 65.4064 152 261.6256 102 329.6276 102 523.2511 0 194
55680000 65.4064 150 261.6256 99 329.6276 99 523.2511 0 155
55920000 65.4064 147 261.6256 96 329.6276 96 523.2511 0 124
56160000 65.4064 145 261.6256 93 329.6276 93 523.2511 0 99
56400000 65.4064 143 261.6256 91 329.6276 91 523.2511 0 79
56640000 65.4064 141 261.6256 88 329.6276 88 523.2511 0 63
56880000 65.4064 139 261.6256 85 329.6276 85 523.2511 0 51
57120000 65.4064 137 261.6256 83 329.6276 83 523.2511 0 40
57360000 65.4064 134 261.6256 80 329.6276 80 523.2511 0 32
57600000 65.4064 132 261.6256 78 329.6276 78 523.2511 0 26
57840000 65.4064 130 261.6256 75 329.6276 75 523.2511 0 20
58080000 65.4064 128 261.6256 73 329.6276 73 523.2511 0 16
58320000 65.4064 127 261.6256 71 329.6276 71 523.2511 0 13
58560000 65.4064 125 261.6256 69 329.6276 69 523.2511 0 10
58800000 65.4064 123 261.6256 67 329.6276 67 523.2511 0 8
59040000 65.4064 121 261.6256 65 329.6276 65 523.2511 0 6
59280000 65.4064 119 261.6256 63 329.6276 63 523.2511 0 5
59520000 65.4064 117 261.6256 61 329.6276 61 523.2511 0 4
59760000 65.4064 116 261.6256 59 329.6276 59 523.2511 0 3
60000000 65.4064 5000 261.6256 2600 329.6276 2600 523.2511 4200 1500
60240000 65.4064 4925 261.6256 2522 329.6276 2522 523.2511 4158 1349
60480000 65.4064 4851 261.6256 2446 329.6276 2446 523.2511 4116 1215
60720000 65.4064 4778 261.6256 2372 329.6276 2372 523.2511 4075 1093
60960000 65.4064 4706 261.6256 2301 329.6276 2301 523.2511 4034 984
61200000 65.4064 4636 261.6256 2232 329.6276 2232 523.2511 3994 885
61440000 65.4064 4566 261.6256 2165 329.6276 2165 523.2511 3954 797
61680000 65.4064 4498 261.6256 2100 329.6276 2100 523.2511 3914 717
61920000 65.4064 4430 261.6256 2037 329.6276 2037 523.2511 3875 645
62160000 65.4064 4364 261.6256 1976 329.6276 1976 523.2511 3836 581
62400000 65.4064 4298 261.6256 1917 329.6276 1917 523.2511 3798 523
62640000 65.4064 4234 261.6256 1859 329.6276 1859 523.2511 3760 470
62880000 65.4064 4170 261.6256 1803 329.6276 1803 523.2511 3722 423
63120000 65.4064 4108 261.6256 1749 329.6276 1749 523.2511 3685 381
63360000 65.4064 4046 261.6256 1697 329.6276 1697 523.2511 3648 343
63600000 65.4064 3985 261.6256 1646 329.6276 1646 523.2511 3612 308
63840000 65.4064 3925 261.6256 1597 329.6276 1597 523.2511 3576 277
64080000 65.4064 3867 261.6256 1549 329.6276 1549 523.2511 3540 250
64320000 65.4064 3809 261.6256 1502 329.6276 1502 523.2511 3504 225
64560000 65.4064 3751 261.6256 1457 329.6276 1457 523.2511 3469 202
64800000 65.4064 3695 261.6256 1413 329.6276 1413 523.2511 3435 182
65040000 65.4064 3640 261.6256 1371 329.6276 1371 523.2511 3400 164
65280000 65.4064 3585 261.6256 1330 329.6276 1330 523.2511 3366 147
65520000 65.4064 3531 261.6256 1290 329.6276 1290 523.2511 3333 132
65760000 65.4064 3478 261.6256 1251 329.6276 1251 523.2511 3299 119
66000000 65.4064 3426 261.6256 1214 329.6276 1214 523.2511 3266 107
66240000 65.4064 3375 261.6256 1177 329.6276 1177 523.2511 3234 96
66480000 65.4064 3324 261.6256 1142 329.6276 1142 523.2511 3201 87
66720000 65.4064 3274 261.6256 1108 329.6276 1108 523.2511 3169 78
66960000 65.4064 3225 261.6256 1074 329.6276 1074 523.2511 3138 70
67200000 65.4064 3177 261.6256 1042 329.6276 1042 523.2511 3106 63
67440000 65.4064 3129 261.6256 1011 329.6276 1011 523.2511 3075 57
67680000 65.4064 3082 261.6256 980 329.6276 980 587.3295 4168 2537
67920000 65.4064 3036 261.6256 951 329.6276 951 587.3295 4126 2030
68160000 65.4064 2990 261.6256 923 329.6276 923 587.3295 4085 1624
68400000 65.4064 2946 261.6256 895 329.6276 895 587.3295 4044 1299
68640000 65.4064 2901 261.6256 868 329.6276 868 587.3295 4004 1039
68880000 65.4064 2858 261.6256 842 329.6276 842 587.3295 3964 831
69120000 65.4064 2815 261.6256 817 329.6276 817 587.3295 3924 665
69360000 65.4064 2773 261.6256 792 329.6276 792 587.3295 3885 532
69600000 65.4064 2731 261.6256 768 329.6276 768 587.3295 3846 425
69840000 65.4064 2690 261.6256 745 329.6276 745 587.3295 3807 340
70080000 65.4064 2650 261.6256 723 329.6276 723 587.3295 3769 272
70320000 65.4064 2610 261.6256 701 329.6276 701 587.3295 3732 217
70560000 65.4064 2571 261.6256 680 329.6276 680 587.3295 3694 174
70800000 65.4064 2532 261.6256 660 329.6276 660 587.3295 3657 139
71040000 65.4064 2494 261.6256 640 329.6276 640 587.3295 3621 111
71280000 65.4064 2457 261.6256 621 329.6276 621 587.3295 3585 89
71520000 65.4064 2420 261.6256 602 329.6276 602 587.3295 3549 71
71760000 65.4064 2384 261.6256 584 329.6276 584 587.3295 3513 57
72000000 65.4064 2348 261.6256 566 329.6276 566 587.3295 3478 45
72240000 65.4064 2313 261.6256 549 329.6276 549 587.3295 3443 36
72480000 65.4064 2278 261.6256 533 329.6276 533 587.3295 3409 29
72720000 65.4064 2244 261.6256 517 329.6276 517 587.3295 3375 23
72960000 65.4064 2210 261.6256 501 329.6276 501 587.3295 3341 18
73200000 65.4064 2177 261.6256 486 329.6276 486 587.3295 3308 14
73440000 65.4064 2144 261.6256 472 329.6276 472 587.3295 3275 11
73680000 65.4064 2112 261.6256 458 329.6276 458 587.3295 3242 9
73920000 65.4064 2080 261.6256 444 329.6276 444 587.3295 3209 7
74160000 65.4064 2049 261.6256 431 329.6276 431 587.3295 3177 6
74400000 65.4064 2019 261.6256 418 329.6276 418 587.3295 3146 4
74640000 65.4064 1988 261.6256 405 329.6276 405 587.3295 3114 3
74880000 65.4064 1958 261.6256 393 329.6276 393 587.3295 3083 3
75120000 65.4064 1929 261.6256 381 329.6276 381 659.2551 4178 0
75360000 65.4064 1900 261.6256 370 329.6276 370 659.2551 4137 0
75600000 65.4064 1872 261.6256 359 329.6276 359 659.2551 4095 0
75840000 65.4064 1844 261.6256 348 329.6276 348 659.2551 4054 0
76080000 65.4064 1816 261.6256 337 329.6276 337 659.2551 4014 0
76320000 65.4064 1789 261.6256 327 329.6276 327 659.2551 3974 0
76560000 65.4064 1762 261.6256 317 329.6276 317 659.2551 3934 0
76800000 65.4064 1735 261.6256 308 329.6276 308 659.2551 3895 0
77040000 65.4064 1709 261.6256 299 329.6276 299 659.2551 3856 0
77280000 65.4064 1684 261.6256 290 329.6276 290 659.2551 3817 0
77520000 65.4064 1658 261.6256 281 329.6276 281 659.2551 3779 0
77760000 65.4064 1633 261.6256 272 329.6276 272 659.2551 3741 0
78000000 65.4064 1609 261.6256 264 329.6276 264 659.2551 3704 0
78240000 65.4064 1585 261.6256 256 329.6276 256 659.2551 3667 0
78480000 65.4064 1561 261.6256 249 329.6276 249 659.2551 3630 0
78720000 65.4064 1538 261.6256 241 329.6276 241 659.2551 3594 0
78960000 65.4064 1515 261.6256 234 329.6276 234 659.2551 3558 0
79200000 65.4064 1492 261.6256 227 329.6276 227 659.2551 3522 0
79440000 65.4064 1469 261.6256 220 329.6276 220 659.2551 3487 0
79680000 65.4064 1447 261.6256 213 329.6276 213 659.2551 3452 0
79920000 65.4064 1426 261.6256 207 329.6276 207 659.2551 3417 0
80160000 65.4064 1404 261.6256 201 329.6276 201 659.2551 3383 0
80400000 65.4064 1383 261.6256 195 329.6276 195 659.2551 3349 0
80640000 65.4064 1362 261.6256 189 329.6276 189 659.2551 3316 0
80880000 65.4064 1342 261.6256 183 329.6276 183 659.2551 3283 0
81120000 65.4064 1322 261.6256 178 329.6276 178 659.2551 3250 0
81360000 65.4064 1302 261.6256 172 329.6276 172 659.2551 3217 0
81600000 65.4064 1283 261.6256 167 329.6276 167 659.2551 3185 0
81840000 65.4064 1263 261.6256 162 329.6276 162 659.2551 3153 0
82080000 65.4064 1244 261.6256 157 329.6276 157 659.2551 3122 0
82320000 65.4064 1226 261.6256 153 329.6276 153 659.2551 3091 0
82560000 65.4064 1207 261.6256 148 329.6276 148 523.2511 0 2837
82800000 65.4064 1189 261.6256 143 329.6276 143 523.2511 0 2269
83040000 65.4064 1171 261.6256 139 329.6276 139 523.2511 0 1815
83280000 65.4064 1154 261.6256 135 329.6276 135 523.2511 0 1452
83520000 65.4064 1136 261.6256 131 329.6276 131 523.2511 0 1162
83760000 65.4064 1119 261.6256 127 329.6276 127 523.2511 0 929
84000000 65.4064 1103 261.6256 123 329.6276 123 523.2511 0 743
84240000 65.4064 1086 261.6256 119 329.6276 119 523.2511 0 595
84480000 65.4064 1070 261.6256 116 329.6276 116 523.2511 0 476
84720000 65.4064 1054 261.6256 112 329.6276 112 523.2511 0 380
84960000 65.4064 1038 261.6256 109 329.6276 109 523.2511 0 304
85200000 65.4064 1022 261.6256 106 329.6276 106 523.2511 0 243
85440000 65.4064 1007 261.6256 102 329.6276 102 523.2511 0 194
85680000 65.4064 992 261.6256 99 329.6276 99 523.2511 0 155
85920000 65.4064 977 261.6256 96 329.6276 96 523.2511 0 124
86160000 65.4064 962 261.6256 93 329.6276 93 523.2511 0 99
86400000 65.4064 948 261.6256 91 329.6276 91 523.2511 0 79
86640000 65.4064 934 261.6256 88 329.6276 88 523.2511 0 63
86880000 65.4064 920 261.6256 85 329.6276 85 523.2511 0 51
87120000 65.4064 906 261.6256 83 329.6276 83 523.2511 0 40
87360000 65.4064 892 261.6256 80 329.6276 80 523.2511 0 32
87600000 65.4064 879 261.6256 78 329.6276 78 523.2511 0 26
87840000 65.4064 866 261.6256 75 329.6276 75 523.2511 0 20
88080000 65.4064 853 261.6256 73 329.6276 73 523.2511 0 16
88320000 65.4064 840 261.6256 71 329.6276 71 523.2511 0 13
88560000 65.4064 827 261.6256 69 329.6276 69 523.2511 0 10
88800000 65.4064 815 261.6256 67 329.6276 67 523.2511 0 8
89040000 65.4064 803 261.6256 65 329.6276 65 523.2511 0 6
89280000 65.4064 791 261.6256 63 329.6276 63 523.2511 0 5
89520000 65.4064 779 261.6256 61 329.6276 61 523.2511 0 4
89760000 65.4064 767 261.6256 59 329.6276 59 523.2511 0 3
90000000 65.4064 755 261.6256 2600 329.6276 2600 587.3295 4200 1500
90240000 65.4064 744 261.6256 2522 329.6276 2522 587.3295 4158 1349
90480000 65.4064 733 261.6256 2446 329.6276 2446 587.3295 4116 1215
90720000 65.4064 722 261.6256 2372 329.6276 2372 587.3295 4075 1093
90960000 65.4064 711 261.6256 2301 329.6276 2301 587.3295 4034 984
91200000 65.4064 700 261.6256 2232 329.6276 2232 587.3295 3994 885
91440000 65.4064 690 261.6256 2165 329.6276 2165 587.3295 3954 797
91680000 65.4064 680 261.6256 2100 329.6276 2100 587.3295 3914 717
91920000 65.4064 669 261.6256 2037 329.6276 2037 587.3295 3875 645
92160000 65.4064 659 261.6256 1976 329.6276 1976 587.3295 3836 581
92400000 65.4064 649 261.6256 1917 329.6276 1917 587.3295 3798 523
92640000 65.4064 640 261.6256 1859 329.6276 1859 587.3295 3760 470
92880000 65.4064 630 261.6256 1803 329.6276 1803 587.3295 3722 423
93120000 65.4064 621 261.6256 1749 329.6276 1749 587.3295 3685 381
93360000 65.4064 611 261.6256 1697 329.6276 1697 587.3295 3648 343
93600000 65.4064 602 261.6256 1646 329.6276 1646 587.3295 3612 308
93840000 65.4064 593 261.6256 1597 329.6276 1597 587.3295 3576 277
94080000 65.4064 584 261.6256 1549 329.6276 1549 587.3295 3540 250
94320000 65.4064 575 261.6256 1502 329.6276 1502 587.3295 3504 225
94560000 65.4064 567 261.6256 1457 329.6276 1457 587.3295 3469 202
94800000 65.4064 558 261.6256 1413 329.6276 1413 587.3295 3435 182
95040000 65.4064 550 261.6256 1371 329.6276 1371 587.3295 3400 164
95280000 65.4064 542 261.6256 1330 329.6276 1330 587.3295 3366 147
95520000 65.4064 533 261.6256 1290 329.6276 1290 587.3295 3333 132
95760000 65.4064 525 261.6256 1251 329.6276 1251 587.3295 3299 119
96000000 65.4064 518 261.6256 1214 329.6276 1214 587.3295 3266 107
96240000 65.4064 510 261.6256 1177 329.6276 1177 587.3295 3234 96
96480000 65.4064 502 261.6256 1142 329.6276 1142 587.3295 3201 87
96720000 65.4064 495 261.6256 1108 329.6276 1108 587.3295 3169 78
96960000 65.4064 487 261.6256 1074 329.6276 1074 587.3295 3138 70
97200000 65.4064 480 261.6256 1042 329.6276 1042 587.3295 3106 63
97440000 65.4064 473 261.6256 1011 329.6276 1011 587.3295 3075 57
97680000 65.4064 466 261.6256 980 329.6276 980 523.2511 4168 2537
97920000 65.4064 459 261.6256 951 329.6276 951 523.2511 4126 2030
98160000 65.4064 452 261.6256 923 329.6276 923 523.2511 4085 1624
98400000 65.4064 445 261.6256 895 329.6276 895 523.2511 4044 1299
98640000 65.4064 438 261.6256 868 329.6276 868 523.2511 4004 1039
98880000 65.4064 432 261.6256 842 329.6276 842 523.2511 3964 831
99120000 65.4064 425 261.6256 817 329.6276 817 523.2511 3924 665
99360000 65.4064 419 261.6256 792 329.6276 792 523.2511 3885 532
99600000 65.4064 412 261.6256 768 329.6276 768 523.2511 3846 425
99840000 65.4064 406 261.6256 745 329.6276 745 523.2511 3807 340
100080000 65.4064 400 261.6256 723 329.6276 723 523.2511 3769 272
100320000 65.4064 394 261.6256 701 329.6276 701 523.2511 3732 217
100560000 65.4064 388 261.6256 680 329.6276 680 523.2511 3694 174
100800000 65.4064 382 261.6256 660 329.6276 660 523.2511 3657 139
101040000 65.4064 377 261.6256 640 329.6276 640 523.2511 3621 111
101280000 65.4064 371 261.6256 621 329.6276 621 523.2511 3585 89
101520000 65.4064 365 261.6256 602 329.6276 602 523.2511 3549 71
101760000 65.4064 360 261.6256 584 329.6276 584 523.2511 3513 57
102000000 65.4064 355 261.6256 566 329.6276 566 523.2511 3478 45
102240000 65.4064 349 261.6256 549 329.6276 549 523.2511 3443 36
102480000 65.4064 344 261.6256 533 329.6276 533 523.2511 3409 29
102720000 65.4064 339 261.6256 517 329.6276 517 523.2511 3375 23
102960000 65.4064 334 261.6256 501 329.6276 501 523.2511 3341 18
103200000 65.4064 329 261.6256 486 329.6276 486 523.2511 3308 14
103440000 65.4064 324 261.6256 472 329.6276 472 523.2511 3275 11
103680000 65.4064 319 261.6256 458 329.6276 458 523.2511 3242 9
103920000 65.4064 314 261.6256 444 329.6276 444 523.2511 3209 7
104160000 65.4064 309 261.6256 431 329.6276 431 523.2511 3177 6
104400000 65.4064 305 261.6256 418 329.6276 418 523.2511 3146 4
104640000 65.4064 300 261.6256 405 329.6276 405 523.2511 3114 3
104880000 65.4064 296 261.6256 393 329.6276 393 523.2511 3083 3
105120000 65.4064 291 261.6256 381 329.6276 381 493.8833 4178 0
105360000 65.4064 287 261.6256 370 329.6276 370 493.8833 4137 0
105600000 65.4064 283 261.6256 359 329.6276 359 493.8833 4095 0
105840000 65.4064 278 261.6256 348 329.6276 348 493.8833 4054 0
106080000 65.4064 274 261.6256 337 329.6276 337 493.8833 4014 0
106320000 65.4064 270 261.6256 327 329.6276 327 493.8833 3974 0
106560000 65.4064 266 261.6256 317 329.6276 317 493.8833 3934 0
106800000 65.4064 262 261.6256 308 329.6276 308 493.8833 3895 0
107040000 65.4064 258 261.6256 299 329.6276 299 493.8833 3856 0
107280000 65.4064 254 261.6256 290 329.6276 290 493.8833 3817 0
107520000 65.4064 250 261.6256 281 329.6276 281 493.8833 3779 0
107760000 65.4064 247 261.6256 272 329.6276 272 493.8833 3741 0
108000000 65.4064 243 261.6256 264 329.6276 264 493.8833 3704 0
108240000 65.4064 239 261.6256 256 329.6276 256 493.8833 3667 0
108480000 65.4064 236 261.6256 249 329.6276 249 493.8833 3630 0
108720000 65.4064 232 261.6256 241 329.6276 241 493.8833 3594 0
108960000 65.4064 229 261.6256 234 329.6276 234 493.8833 3558 0
109200000 65.4064 225 261.6256 227 329.6276 227 493.8833 3522 0
109440000 65.4064 222 261.6256 220 329.6276 220 493.8833 3487 0
109680000 65.4064 218 261.6256 213 329.6276 213 493.8833 3452 0
109920000 65.4064 215 261.6256 207 329.6276 207 493.8833 3417 0
110160000 65.4064 212 261.6256 201 329.6276 201 493.8833 3383 0
110400000 65.4064 209 261.6256 195 329.6276 195 493.8833 3349 0
110640000 65.4064 206 261.6256 189 329.6276 189 493.8833 3316 0
110880000 65.4064 202 261.6256 183 329.6276 183 493.8833 3283 0
111120000 65.4064 199 261.6256 178 329.6276 178 493.8833 3250 0
111360000 65.4064 196 261.6256 172 329.6276 172 493.8833 3217 0
111600000 65.4064 193 261.6256 167 329.6276 167 493.8833 3185 0
111840000 65.4064 191 261.6256 162 329.6276 162 493.8833 3153 0
112080000 65.4064 188 261.6256 157 329.6276 157 493.8833 3122 0
112320000 65.4064 185 261.6256 153 329.6276 153 493.8833 3091 0
112560000 65.4064 182 261.6256 148 329.6276 148 523.2511 0 2837
112800000 65.4064 179 261.6256 143 329.6276 143 523.2511 0 2269
113040000 65.4064 177 261.6256 139 329.6276 139 523.2511 0 1815
113280000 65.4064 174 261.6256 135 329.6276 135 523.2511 0 1452
113520000 65.4064 171 261.6256 131 329.6276 131 523.2511 0 1162
113760000 65.4064 169 261.6256 127 329.6276 127 523.2511 0 929
114000000 65.4064 166 261.6256 123 329.6276 123 523.2511 0 743
114240000 65.4064 164 261.6256 119 329.6276 119 523.2511 0 595
114480000 65.4064 161 261.6256 116 329.6276 116 523.2511 0 476
114720000 65.4064 159 261.6256 112 329.6276 112 523.2511 0 380
114960000 65.4064 156 261.6256 109 329.6276 109 523.2511 0 304
115200000 65.4064 154 261.6256 106 329.6276 106 523.2511 0 243
115440000 65.4064 152 261.6256 102 329.6276 102 523.2511 0 194
115680000 65.4064 150 261.6256 99 329.6276 99 523.2511 0 155
115920000 65.4064 147 261.6256 96 329.6276 96 523.2511 0 124
116160000 65.4064 145 261.6256 93 329.6276 93 523.2511 0 99
116400000 65.4064 143 261.6256 91 329.6276 91 523.2511 0 79
116640000 65.4064 141 261.6256 88 329.6276 88 523.2511 0 63
116880000 65.4064 139 261.6256 85 329.6276 85 523.2511 0 51
117120000 65.4064 137 261.6256 83 329.6276 83 523.2511 0 40
117360000 65.4064 134 261.6256 80 329.6276 80 523.2511 0 32
117600000 65.4064 132 261.6256 78 329.6276 78 523.2511 0 26
117840000 65.4064 130 261.6256 75 329.6276 75 523.2511 0 20
118080000 65.4064 128 261.6256 73 329.6276 73 523.2511 0 16
118320000 65.4064 127 261.6256 71 329.6276 71 523.2511 0 13
118560000 65.4064 125 261.6256 69 329.6276 69 523.2511 0 10
118800000 65.4064 123 261.6256 67 329.6276 67 523.2511 0 8
119040000 65.4064 121 261.6256 65 329.6276 65 523.2511 0 6
119280000 65.4064 119 261.6256 63 329.6276 63 523.2511 0 5
119520000 65.4064 117 261.6256 61 329.6276 61 523.2511 0 4
119760000 65.4064 116 261.6256 59 329.6276 59 523.2511 0 3
120000000 97.9989 5000 246.9417 2600 293.6648 2600 440.0000 4200 1500
120240000 97.9989 4925 246.9417 2522 293.6648 2522 440.0000 4158 1349
120480000 97.9989 4851 246.9417 2446 293.6648 2446 440.0000 4116 1215
120720000 97.9989 4778 246.9417 2372 293.6648 2372 440.0000 4075 1093
120960000 97.9989 4706 246.9417 2301 293.6648 2301 440.0000 4034 984
121200000 97.9989 4636 246.9417 2232 293.6648 2232 440.0000 3994 885
121440000 97.9989 4566 246.9417 2165 293.6648 2165 440.0000 3954 797
121680000 97.9989 4498 246.9417 2100 293.6648 2100 440.0000 3914 717
121920000 97.9989 4430 246.9417 2037 293.6648 2037 440.0000 3875 645
122160000 97.9989 4364 246.9417 1976 293.6648 1976 440.0000 3836 581
122400000 97.9989 4298 246.9417 1917 293.6648 1917 440.0000 3798 523
122640000 97.9989 4234 246.9417 1859 293.6648 1859 440.0000 3760 470
122880000 97.9989 4170 246.9417 1803 293.6648 1803 440.0000 3722 423
123120000 97.9989 4108 246.9417 1749 293.6648 1749 440.0000 3685 381
123360000 97.9989 4046 246.9417 1697 293.6648 1697 440.0000 3648 343
123600000 97.9989 3985 246.9417 1646 293.6648 1646 440.0000 3612 308
123840000 97.9989 3925 246.9417 1597 293.6648 1597 440.0000 3576 277
124080000 97.9989 3867 246.9417 1549 293.6648 1549 440.0000 3540 250
124320000 97.9989 3809 246.9417 1502 293.6648 1502 440.0000 3504 225
124560000 97.9989 3751 246.9417 1457 293.6648 1457 440.0000 3469 202
124800000 97.9989 3695 246.9417 1413 293.6648 1413 440.0000 3435 182
125040000 97.9989 3640 246.9417 1371 293.6648 1371 440.0000 3400 164
125280000 97.9989 3585 246.9417 1330 293.6648 1330 440.0000 3366 147
125520000 97.9989 3531 246.9417 1290 293.6648 1290 440.0000 3333 132
125760000 97.9989 3478 246.9417 1251 293.6648 1251 440.0000 3299 119
126000000 97.9989 3426 246.9417 1214 293.6648 1214 440.0000 3266 107
126240000 97.9989 3375 246.9417 1177 293.6648 1177 440.0000 3234 96
126480000 97.9989 3324 246.9417 1142 293.6648 1142 440.0000 3201 87
126720000 97.9989 3274 246.9417 1108 293.6648 1108 440.0000 3169 78
126960000 97.9989 3225 246.9417 1074 293.6648 1074 440.0000 3138 70
127200000 97.9989 3177 246.9417 1042 293.6648 1042 440.0000 3106 63
127440000 97.9989 3129 246.9417 1011 293.6648 1011 440.0000 3075 57
127680000 97.9989 3082 246.9417 980 293.6648 980 523.2511 0 2537
127920000 97.9989 3036 246.9417 951 293.6648 951 523.2511 0 2030
128160000 97.9989 2990 246.9417 923 293.6648 923 523.2511 0 1624
128400000 97.9989 2946 246.9417 895 293.6648 895 523.2511 0 1299
128640000 97.9989 2901 246.9417 868 293.6648 868 523.2511 0 1039
128880000 97.9989 2858 246.9417 842 293.6648 842 523.2511 0 831
129120000 97.9989 2815 246.9417 817 293.6648 817 523.2511 0 665
129360000 97.9989 2773 246.9417 792 293.6648 792 523.2511 0 532
129600000 97.9989 2731 246.9417 768 293.6648 768 523.2511 0 425
129840000 97.9989 2690 246.9417 745 293.6648 745 523.2511 0 340
130080000 97.9989 2650 246.9417 723 293.6648 723 523.2511 0 272
130320000 97.9989 2610 246.9417 701 293.6648 701 523.2511 0 217
130560000 97.9989 2571 246.9417 680 293.6648 680 523.2511 0 174
130800000 97.9989 2532 246.9417 660 293.6648 660 523.2511 0 139
131040000 97.9989 2494 246.9417 640 293.6648 640 523.2511 0 111
131280000 97.9989 2457 246.9417 621 293.6648 621 523.2511 0 89
131520000 97.9989 2420 246.9417 602 293.6648 602 523.2511 0 71
131760000 97.9989 2384 246.9417 584 293.6648 584 523.2511 0 57
132000000 97.9989 2348 246.9417 566 293.6648 566 523.2511 0 45
132240000 97.9989 2313 246.9417 549 293.6648 549 523.2511 0 36
132480000 97.9989 2278 246.9417 533 293.6648 533 523.2511 0 29
132720000 97.9989 2244 246.9417 517 293.6648 517 523.2511 0 23
132960000 97.9989 2210 246.9417 501 293.6648 501 523.2511 0 18
133200000 97.9989 2177 246.9417 486 293.6648 486 523.2511 0 14
133440000 97.9989 2144 246.9417 472 293.6648 472 523.2511 0 11
133680000 97.9989 2112 246.9417 458 293.6648 458 523.2511 0 9
133920000 97.9989 2080 246.9417 444 293.6648 444 523.2511 0 7
134160000 97.9989 2049 246.9417 431 293.6648 431 523.2511 0 6
134400000 97.9989 2019 246.9417 418 293.6648 418 523.2511 0 4
134640000 97.9989 1988 246.9417 405 293.6648 405 523.2511 0 3
134880000 97.9989 1958 246.9417 393 293.6648 393 523.2511 0 3
135120000 97.9989 1929 246.9417 381 293.6648 381 523.2511 4178 0
135360000 97.9989 1900 246.9417 370 293.6648 370 523.2511 4137 0
135600000 97.9989 1872 246.9417 359 293.6648 359 523.2511 4095 0
135840000 97.9989 1844 246.9417 348 293.6648 348 523.2511 4054 0
136080000 97.9989 1816 246.9417 337 293.6648 337 523.2511 4014 0
136320000 97.9989 1789 246.9417 327 293.6648 327 523.2511 3974 0
136560000 97.9989 1762 246.9417 317 293.6648 317 523.2511 3934 0
136800000 97.9989 1735 246.9417 308 293.6648 308 523.2511 3895 0
137040000 97.9989 1709 246.9417 299 293.6648 299 523.2511 3856 0
137280000 97.9989 1684 246.9417 290 293.6648 290 523.2511 3817 0
137520000 97.9989 1658 246.9417 281 293.6648 281 523.2511 3779 0
137760000 97.9989 1633 246.9417 272 293.6648 272 523.2511 3741 0
138000000 97.9989 1609 246.9417 264 293.6648 264 523.2511 3704 0
138240000 97.9989 1585 246.9417 256 293.6648 256 523.2511 3667 0
138480000 97.9989 1561 246.9417 249 293.6648 249 523.2511 3630 0
138720000 97.9989 1538 246.9417 241 293.6648 241 523.2511 3594 0
138960000 97.9989 1515 246.9417 234 293.6648 234 523.2511 3558 0
139200000 97.9989 1492 246.9417 227 293.6648 227 523.2511 3522 0
139440000 97.9989 1469 246.9417 220 293.6648 220 523.2511 3487 0
139680000 97.9989 1447 246.9417 213 293.6648 213 523.2511 3452 0
139920000 97.9989 1426 246.9417 207 293.6648 207 523.2511 3417 0
140160000 97.9989 1404 246.9417 201 293.6648 201 523.2511 3383 0
140400000 97.9989 1383 246.9417 195 293.6648 195 523.2511 3349 0
140640000 97.9989 1362 246.9417 189 293.6648 189 523.2511 3316 0
140880000 97.9989 1342 246.9417 183 293.6648 183 523.2511 3283 0
141120000 97.9989 1322 246.9417 178 293.6648 178 523.2511 3250 0
141360000 97.9989 1302 246.9417 172 293.6648 172 523.2511 3217 0
141600000 97.9989 1283 246.9417 167 293.6648 167 523.2511 3185 0
141840000 97.9989 1263 246.9417 162 293.6648 162 523.2511 3153 0
142080000 97.9989 1244 246.9417 157 293.6648 157 523.2511 3122 0
142320000 97.9989 1226 246.9417 153 293.6648 153 523.2511 3091 0
142560000 97.9989 1207 246.9417 148 293.6648 148 659.2551 4189 2837
142800000 97.9989 1189 246.9417 143 293.6648 143 659.2551 4147 2269
143040000 97.9989 1171 246.9417 139 293.6648 139 659.2551 4106 1815
143280000 97.9989 1154 246.9417 135 293.6648 135 659.2551 4065 1452
143520000 97.9989 1136 246.9417 131 293.6648 131 659.2551 4024 1162
143760000 97.9989 1119 246.9417 127 293.6648 127 659.2551 3984 929
144000000 97.9989 1103 246.9417 123 293.6648 123 659.2551 3944 743
144240000 97.9989 1086 246.9417 119 293.6648 119 659.2551 3904 595
144480000 97.9989 1070 246.9417 116 293.6648 116 659.2551 3865 476
144720000 97.9989 1054 246.9417 112 293.6648 112 659.2551 3827 380
144960000 97.9989 1038 246.9417 109 293.6648 109 659.2551 3788 304
145200000 97.9989 1022 246.9417 106 293.6648 106 659.2551 3750 243
145440000 97.9989 1007 246.9417 102 293.6648 102 659.2551 3713 194
145680000 97.9989 992 246.9417 99 293.6648 99 659.2551 3676 155
145920000 97.9989 977 246.9417 96 293.6648 96 659.2551 3639 124
146160000 97.9989 962 246.9417 93 293.6648 93 659.2551 3603 99
146400000 97.9989 948 246.9417 91 293.6648 91 659.2551 3567 79
146640000 97.9989 934 246.9417 88 293.6648 88 659.2551 3531 63
146880000 97.9989 920 246.9417 85 293.6648 85 659.2551 3496 51
147120000 97.9989 906 246.9417 83 293.6648 83 659.2551 3461 40
147360000 97.9989 892 246.9417 80 293.6648 80 659.2551 3426 32
147600000 97.9989 879 246.9417 78 293.6648 78 659.2551 3392 26
147840000 97.9989 866 246.9417 75 293.6648 75 659.2551 3358 20
148080000 97.9989 853 246.9417 73 293.6648 73 659.2551 3324 16
148320000 97.9989 840 246.9417 71 293.6648 71 659.2551 3291 13
148560000 97.9989 827 246.9417 69 293.6648 69 659.2551 3258 10
148800000 97.9989 815 246.9417 67 293.6648 67 659.2551 3226 8
149040000 97.9989 803 246.9417 65 293.6648 65 659.2551 3193 6
149280000 97.9989 791 246.9417 63 293.6648 63 659.2551 3161 5
149520000 97.9989 779 246.9417 61 293.6648 61 659.2551 3130 4
149760000 97.9989 767 246.9417 59 293.6648 59 659.2551 3098 3
150000000 97.9989 755 246.9417 2600 293.6648 2600 587.3295 4200 1500
150240000 97.9989 744 246.9417 2522 293.6648 2522 587.3295 4158 1349
150480000 97.9989 733 246.9417 2446 293.6648 2446 587.3295 4116 1215
150720000 97.9989 722 246.9417 2372 293.6648 2372 587.3295 4075 1093
150960000 97.9989 711 246.9417 2301 293.6648 2301 587.3295 4034 984
151200000 97.9989 700 246.9417 2232 293.6648 2232 587.3295 3994 885
151440000 97.9989 690 246.9417 2165 293.6648 2165 587.3295 3954 797
151680000 97.9989 680 246.9417 2100 293.6648 2100 587.3295 3914 717
151920000 97.9989 669 246.9417 2037 293.6648 2037 587.3295 3875 645
152160000 97.9989 659 246.9417 1976 293.6648 1976 587.3295 3836 581
152400000 97.9989 649 246.9417 1917 293.6648 1917 587.3295 3798 523
152640000 97.9989 640 246.9417 1859 293.6648 1859 587.3295 3760 470
152880000 97.9989 630 246.9417 1803 293.6648 1803 587.3295 3722 423
153120000 97.9989 621 246.9417 1749 293.6648 1749 587.3295 3685 381
153360000 97.9989 611 246.9417 1697 293.6648 1697 587.3295 3648 343
153600000 97.9989 602 246.9417 1646 293.6648 1646 587.3295 3612 308
153840000 97.9989 593 246.9417 1597 293.6648 1597 587.3295 3576 277
154080000 97.9989 584 246.9417 1549 293.6648 1549 587.3295 3540 250
154320000 97.9989 575 246.9417 1502 293.6648 1502 587.3295 3504 225
154560000 97.9989 567 246.9417 1457 293.6648 1457 587.3295 3469 202
154800000 97.9989 558 246.9417 1413 293.6648 1413 587.3295 3435 182
155040000 97.9989 550 246.9417 1371 293.6648 1371 587.3295 3400 164
155280000 97.9989 542 246.9417 1330 293.6648 1330 587.3295 3366 147
155520000 97.9989 533 246.9417 1290 293.6648 1290 587.3295 3333 132
155760000 97.9989 525 246.9417 1251 293.6648 1251 587.3295 3299 119
156000000 97.9989 518 246.9417 1214 293.6648 1214 587.3295 3266 107
156240000 97.9989 510 246.9417 1177 293.6648 1177 587.3295 3234 96
156480000 97.9989 502 246.9417 1142 293.6648 1142 587.3295 3201 87
156720000 97.9989 495 246.9417 1108 293.6648 1108 587.3295 3169 78
156960000 97.9989 487 246.9417 1074 293.6648 1074 587.3295 3138 70
157200000 97.9989 480 246.9417 1042 293.6648 1042 587.3295 3106 63
157440000 97.9989 473 246.9417 1011 293.6648 1011 587.3295 3075 57
157680000 97.9989 466 246.9417 980 293.6648 980 523.2511 4168 2537
157920000 97.9989 459 246.9417 951 293.6648 951 523.2511 4126 2030
158160000 97.9989 452 246.9417 923 293.6648 923 523.2511 4085 1624
158400000 97.9989 445 246.9417 895 293.6648 895 523.2511 4044 1299
158640000 97.9989 438 246.9417 868 293.6648 868 523.2511 4004 1039
158880000 97.9989 432 246.9417 842 293.6648 842 523.2511 3964 831
159120000 97.9989 425 246.9417 817 293.6648 817 523.2511 3924 665
159360000 97.9989 419 246.9417 792 293.6648 792 523.2511 3885 532
159600000 97.9989 412 246.9417 768 293.6648 768 523.2511 3846 425
159840000 97.9989 406 246.9417 745 293.6648 745 523.2511 3807 340
160080000 97.9989 400 246.9417 723 293.6648 723 523.2511 3769 272
160320000 97.9989 394 246.9417 701 293.6648 701 523.2511 3732 217
160560000 97.9989 388 246.9417 680 293.6648 680 523.2511 3694 174
160800000 97.9989 382 246.9417 660 293.6648 660 523.2511 3657 139
161040000 97.9989 377 246.9417 640 293.6648 640 523.2511 3621 111
161280000 97.9989 371 246.9417 621 293.6648 621 523.2511 3585 89
161520000 97.9989 365 246.9417 602 293.6648 602 523.2511 3549 71
161760000 97.9989 360 246.9417 584 293.6648 584 523.2511 3513 57
162000000 97.9989 355 246.9417 566 293.6648 566 523.2511 3478 45
162240000 97.9989 349 246.9417 549 293.6648 549 523.2511 3443 36
162480000 97.9989 344 246.9417 533 293.6648 533 523.2511 3409 29
162720000 97.9989 339 246.9417 517 293.6648 517 523.2511 3375 23
162960000 97.9989 334 246.9417 501 293.6648 501 523.2511 3341 18
163200000 97.9989 329 246.9417 486 293.6648 486 523.2511 3308 14
163440000 97.9989 324 246.9417 472 293.6648 472 523.2511 3275 11
163680000 97.9989 319 246.9417 458 293.6648 458 523.2511 3242 9
163920000 97.9989 314 246.9417 444 293.6648 444 523.2511 3209 7
164160000 97.9989 309 246.9417 431 293.6648 431 523.2511 3177 6
164400000 97.9989 305 246.9417 418 293.6648 418 523.2511 3146 4
164640000 97.9989 300 246.9417 405 293.6648 405 523.2511 3114 3
164880000 97.9989 296 246.9417 393 293.6648 393 523.2511 3083 3
165120000 97.9989 291 246.9417 381 293.6648 381 493.8833 4178 0
165360000 97.9989 287 246.9417 370 293.6648 370 493.8833 4137 0
165600000 97.9989 283 246.9417 359 293.6648 359 493.8833 4095 0
165840000 97.9989 278 246.9417 348 293.6648 348 493.8833 4054 0
166080000 97.9989 274 246.9417 337 293.6648 337 493.8833 4014 0
166320000 97.9989 270 246.9417 327 293.6648 327 493.8833 3974 0
166560000 97.9989 266 246.9417 317 293.6648 317 493.8833 3934 0
166800000 97.9989 262 246.9417 308 293.6648 308 493.8833 3895 0
167040000 97.9989 258 246.9417 299 293.6648 299 493.8833 3856 0
167280000 97.9989 254 246.9417 290 293.6648 290 493.8833 3817 0
167520000 97.9989 250 246.9417 281 293.6648 281 493.8833 3779 0
167760000 97.9989 247 246.9417 272 293.6648 272 493.8833 3741 0
168000000 97.9989 243 246.9417 264 293.6648 264 493.8833 3704 0
168240000 97.9989 239 246.9417 256 293.6648 256 493.8833 3667 0
168480000 97.9989 236 246.9417 249 293.6648 249 493.8833 3630 0
168720000 97.9989 232 246.9417 241 293.6648 241 493.8833 3594 0
168960000 97.9989 229 246.9417 234 293.6648 234 493.8833 3558 0
169200000 97.9989 225 246.9417 227 293.6648 227 493.8833 3522 0
169440000 97.9989 222 246.9417 220 293.6648 220 493.8833 3487 0
169680000 97.9989 218 246.9417 213 293.6648 213 493.8833 3452 0
169920000 97.9989 215 246.9417 207 293.6648 207 493.8833 3417 0
170160000 97.9989 212 246.9417 201 293.6648 201 493.8833 3383 0
170400000 97.9989 209 246.9417 195 293.6648 195 493.8833 3349 0
170640000 97.9989 206 246.9417 189 293.6648 189 493.8833 3316 0
170880000 97.9989 202 246.9417 183 293.6648 183 493.8833 3283 0
171120000 97.9989 199 246.9417 178 293.6648 178 493.8833 3250 0
171360000 97.9989 196 246.9417 172 293.6648 172 493.8833 3217 0
171600000 97.9989 193 246.9417 167 293.6648 167 493.8833 3185 0
171840000 97.9989 191 246.9417 162 293.6648 162 493.8833 3153 0
172080000 97.9989 188 246.9417 157 293.6648 157 493.8833 3122 0
172320000 97.9989 185 246.9417 153 293.6648 153 493.8833 3091 0
172560000 97.9989 182 246.9417 148 293.6648 148 523.2511 0 2837
172800000 97.9989 179 246.9417 143 293.6648 143 523.2511 0 2269
173040000 97.9989 177 246.9417 139 293.6648 139 523.2511 0 1815
173280000 97.9989 174 246.9417 135 293.6648 135 523.2511 0 1452
173520000 97.9989 171 246.9417 131 293.6648 131 523.2511 0 1162
173760000 97.9989 169 246.9417 127 293.6648 127 523.2511 0 929
174000000 97.9989 166 246.9417 123 293.6648 123 523.2511 0 743
174240000 97.9989 164 246.9417 119 293.6648 119 523.2511 0 595
174480000 97.9989 161 246.9417 116 293.6648 116 523.2511 0 476
174720000 97.9989 159 246.9417 112 293.6648 112 523.2511 0 380
174960000 97.9989 156 246.9417 109 293.6648 109 523.2511 0 304
175200000 97.9989 154 246.9417 106 293.6648 106 523.2511 0 243
175440000 97.9989 152 246.9417 102 293.6648 102 523.2511 0 194
175680000 97.9989 150 246.9417 99 293.6648 99 523.2511 0 155
175920000 97.9989 147 246.9417 96 293.6648 96 523.2511 0 124
176160000 97.9989 145 246.9417 93 293.6648 93 523.2511 0 99
176400000 97.9989 143 246.9417 91 293.6648 91 523.2511 0 79
176640000 97.9989 141 246.9417 88 293.6648 88 523.2511 0 63
176880000 97.9989 139 246.9417 85 293.6648 85 523.2511 0 51
177120000 97.9989 137 246.9417 83 293.6648 83 523.2511 0 40
177360000 97.9989 134 246.9417 80 293.6648 80 523.2511 0 32
177600000 97.9989 132 246.9417 78 293.6648 78 523.2511 0 26
177840000 97.9989 130 246.9417 75 293.6648 75 523.2511 0 20
178080000 97.9989 128 246.9417 73 293.6648 73 523.2511 0 16
178320000 97.9989 127 246.9417 71 293.6648 71 523.2511 0 13
178560000 97.9989 125 246.9417 69 293.6648 69 523.2511 0 10
178800000 97.9989 123 246.9417 67 293.6648 67 523.2511 0 8
179040000 97.9989 121 246.9417 65 293.6648 65 523.2511 0 6
179280000 97.9989 119 246.9417 63 293.6648 63 523.2511 0 5
179520000 97.9989 117 246.9417 61 293.6648 61 523.2511 0 4
179760000 97.9989 116 246.9417 59 293.6648 59 523.2511 0 3
180000000 97.9989 5000 246.9417 2600 293.6648 2600 523.2511 4200 1500
180240000 97.9989 4925 246.9417 2522 293.6648 2522 523.2511 4158 1349
180480000 97.9989 4851 246.9417 2446 293.6648 2446 523.2511 4116 1215
180720000 97.9989 4778 246.9417 2372 293.6648 2372 523.2511 4075 1093
180960000 97.9989 4706 246.9417 2301 293.6648 2301 523.2511 4034 984
181200000 97.9989 4636 246.9417 2232 293.6648 2232 523.2511 3994 885
181440000 97.9989 4566 246.9417 2165 293.6648 2165 523.2511 3954 797
181680000 97.9989 4498 246.9417 2100 293.6648 2100 523.2511 3914 717
181920000 97.9989 4430 246.9417 2037 293.6648 2037 523.2511 3875 645
182160000 97.9989 4364 246.9417 1976 293.6648 1976 523.2511 3836 581
182400000 97.9989 4298 246.9417 1917 293.6648 1917 523.2511 3798 523
182640000 97.9989 4234 246.9417 1859 293.6648 1859 523.2511 3760 470
182880000 97.9989 4170 246.9417 1803 293.6648 1803 523.2511 3722 423
183120000 97.9989 4108 246.9417 1749 293.6648 1749 523.2511 3685 381
183360000 97.9989 4046 246.9417 1697 293.6648 1697 523.2511 3648 343
183600000 97.9989 3985 246.9417 1646 293.6648 1646 523.2511 3612 308
183840000 97.9989 3925 246.9417 1597 293.6648 1597 523.2511 3576 277
184080000 97.9989 3867 246.9417 1549 293.6648 1549 523.2511 3540 250
184320000 97.9989 3809 246.9417 1502 293.6648 1502 523.2511 3504 225
184560000 97.9989 3751 246.9417 1457 293.6648 1457 523.2511 3469 202
184800000 97.9989 3695 246.9417 1413 293.6648 1413 523.2511 3435 182
185040000 97.9989 3640 246.9417 1371 293.6648 1371 523.2511 3400 164
185280000 97.9989 3585 246.9417 1330 293.6648 1330 523.2511 3366 147
185520000 97.9989 3531 246.9417 1290 293.6648 1290 523.2511 3333 132
185760000 97.9989 3478 246.9417 1251 293.6648 1251 523.2511 3299 119
186000000 97.9989 3426 246.9417 1214 293.6648 1214 523.2511 3266 107
186240000 97.9989 3375 246.9417 1177 293.6648 1177 523.2511 3234 96
186480000 97.9989 3324 246.9417 1142 293.6648 1142 523.2511 3201 87
186720000 97.9989 3274 246.9417 1108 293.6648 1108 523.2511 3169 78
186960000 97.9989 3225 246.9417 1074 293.6648 1074 523.2511 3138 70
187200000 97.9989 3177 246.9417 1042 293.6648 1042 523.2511 3106 63
187440000 97.9989 3129 246.9417 1011 293.6648 1011 523.2511 3075 57
187680000 97.9989 3082 246.9417 980 293.6648 980 523.2511 0 2537
187920000 97.9989 3036 246.9417 951 293.6648 951 523.2511 0 2030
188160000 97.9989 2990 246.9417 923 293.6648 923 523.2511 0 1624
188400000 97.9989 2946 246.9417 895 293.6648 895 523.2511 0 1299
188640000 97.9989 2901 246.9417 868 293.6648 868 523.2511 0 1039
188880000 97.9989 2858 246.9417 842 293.6648 842 523.2511 0 831
189120000 97.9989 2815 246.9417 817 293.6648 817 523.2511 0 665
189360000 97.9989 2773 246.9417 792 293.6648 792 523.2511 0 532
189600000 97.9989 2731 246.9417 768 293.6648 768 523.2511 0 425
189840000 97.9989 2690 246.9417 745 293.6648 745 523.2511 0 340
190080000 97.9989 2650 246.9417 723 293.6648 723 523.2511 0 272
190320000 97.9989 2610 246.9417 701 293.6648 701 523.2511 0 217
190560000 97.9989 2571 246.9417 680 293.6648 680 523.2511 0 174
190800000 97.9989 2532 246.9417 660 293.6648 660 523.2511 0 139
191040000 97.9989 2494 246.9417 640 293.6648 640 523.2511 0 111
191280000 97.9989 2457 246.9417 621 293.6648 621 523.2511 0 89
191520000 97.9989 2420 246.9417 602 293.6648 602 523.2511 0 71
191760000 97.9989 2384 246.9417 584 293.6648 584 523.2511 0 57
192000000 97.9989 2348 246.9417 566 293.6648 566 523.2511 0 45
192240000 97.9989 2313 246.9417 549 293.6648 549 523.2511 0 36
192480000 97.9989 2278 246.9417 533 293.6648 533 523.2511 0 29
192720000 97.9989 2244 246.9417 517 293.6648 517 523.2511 0 23
192960000 97.9989 2210 246.9417 501 293.6648 501 523.2511 0 18
193200000 97.9989 2177 246.9417 486 293.6648 486 523.2511 0 14
193440000 97.9989 2144 246.9417 472 293.6648 472 523.2511 0 11
193680000 97.9989 2112 246.9417 458 293.6648 458 523.2511 0 9
193920000 97.9989 2080 246.9417 444 293.6648 444 523.2511 0 7
194160000 97.9989 2049 246.9417 431 293.6648 431 523.2511 0 6
194400000 97.9989 2019 246.9417 418 293.6648 418 523.2511 0 4
194640000 97.9989 1988 246.9417 405 293.6648 405 523.2511 0 3
194880000 97.9989 1958 246.9417 393 293.6648 393 523.2511 0 3
195120000 97.9989 1929 246.9417 381 293.6648 381 440.0000 4178 0
195360000 97.9989 1900 246.9417 370 293.6648 370 440.0000 4137 0
195600000 97.9989 1872 246.9417 359 293.6648 359 440.0000 4095 0
195840000 97.9989 1844 246.9417 348 293.6648 348 440.0000 4054 0
196080000 97.9989 1816 246.9417 337 293.6648 337 440.0000 4014 0
196320000 97.9989 1789 246.9417 327 293.6648 327 440.0000 3974 0
196560000 97.9989 1762 246.9417 317 293.6648 317 440.0000 3934 0
196800000 97.9989 1735 246.9417 308 293.6648 308 440.0000 3895 0
197040000 97.9989 1709 246.9417 299 293.6648 299 440.0000 3856 0
197280000 97.9989 1684 246.9417 290 293.6648 290 440.0000 3817 0
197520000 97.9989 1658 246.9417 281 293.6648 281 440.0000 3779 0
197760000 97.9989 1633 246.9417 272 293.6648 272 440.0000 3741 0
198000000 97.9989 1609 246.9417 264 293.6648 264 440.0000 3704 0
198240000 97.9989 1585 246.9417 256 293.6648 256 440.0000 3667 0
198480000 97.9989 1561 246.9417 249 293.6648 249 440.0000 3630 0
198720000 97.9989 1538 246.9417 241 293.6648 241 440.0000 3594 0
198960000 97.9989 1515 246.9417 234 293.6648 234 440.0000 3558 0
199200000 97.9989 1492 246.9417 227 293.6648 227 440.0000 3522 0
199440000 97.9989 1469 246.9417 220 293.6648 220 440.0000 3487 0
199680000 97.9989 1447 246.9417 213 293.6648 213 440.0000 3452 0
199920000 97.9989 1426 246.9417 207 293.6648 207 440.0000 3417 0
200160000 97.9989 1404 246.9417 201 293.6648 201 440.0000 3383 0
200400000 97.9989 1383 246.9417 195 293.6648 195 440.0000 3349 0
200640000 97.9989 1362 246.9417 189 293.6648 189 440.0000 3316 0
200880000 97.9989 1342 246.9417 183 293.6648 183 440.0000 3283 0
201120000 97.9989 1322 246.9417 178 293.6648 178 440.0000 3250 0
201360000 97.9989 1302 246.9417 172 293.6648 172 440.0000 3217 0
201600000 97.9989 1283 246.9417 167 293.6648 167 440.0000 3185 0
201840000 97.9989 1263 246.9417 162 293.6648 162 440.0000 3153 0
202080000 97.9989 1244 246.9417 157 293.6648 157 440.0000 3122 0
202320000 97.9989 1226 246.9417 153 293.6648 153 440.0000 3091 0
202560000 97.9989 1207 246.9417 148 293.6648 148 523.2511 0 2837
202800000 97.9989 1189 246.9417 143 293.6648 143 523.2511 0 2269
203040000 97.9989 1171 246.9417 139 293.6648 139 523.2511 0 1815
203280000 97.9989 1154 246.9417 135 293.6648 135 523.2511 0 1452
203520000 97.9989 1136 246.9417 131 293.6648 131 523.2511 0 1162
203760000 97.9989 1119 246.9417 127 293.6648 127 523.2511 0 929
204000000 97.9989 1103 246.9417 123 293.6648 123 523.2511 0 743
204240000 97.9989 1086 246.9417 119 293.6648 119 523.2511 0 595
204480000 97.9989 1070 246.9417 116 293.6648 116 523.2511 0 476
204720000 97.9989 1054 246.9417 112 293.6648 112 523.2511 0 380
204960000 97.9989 1038 246.9417 109 293.6648 109 523.2511 0 304
205200000 97.9989 1022 246.9417 106 293.6648 106 523.2511 0 243
205440000 97.9989 1007 246.9417 102 293.6648 102 523.2511 0 194
205680000 97.9989 992 246.9417 99 293.6648 99 523.2511 0 155
205920000 97.9989 977 246.9417 96 293.6648 96 523.2511 0 124
206160000 97.9989 962 246.9417 93 293.6648 93 523.2511 0 99
206400000 97.9989 948 246.9417 91 293.6648 91 523.2511 0 79
206640000 97.9989 934 246.9417 88 293.6648 88 523.2511 0 63
206880000 97.9989 920 246.9417 85 293.6648 85 523.2511 0 51
207120000 97.9989 906 246.9417 83 293.6648 83 523.2511 0 40
207360000 97.9989 892 246.9417 80 293.6648 80 523.2511 0 32
207600000 97.9989 879 246.9417 78 293.6648 78 523.2511 0 26
207840000 97.9989 866 246.9417 75 293.6648 75 523.2511 0 20
208080000 97.9989 853 246.9417 73 293.6648 73 523.2511 0 16
208320000 97.9989 840 246.9417 71 293.6648 71 523.2511 0 13
208560000 97.9989 827 246.9417 69 293.6648 69 523.2511 0 10
208800000 97.9989 815 246.9417 67 293.6648 67 523.2511 0 8
209040000 97.9989 803 246.9417 65 293.6648 65 523.2511 0 6
209280000 97.9989 791 246.9417 63 293.6648 63 523.2511 0 5
209520000 97.9989 779 246.9417 61 293.6648 61 523.2511 0 4
209760000 97.9989 767 246.9417 59 293.6648 59 523.2511 0 3
210000000 97.9989 755 246.9417 2600 293.6648 2600 391.9954 4200 1500
210240000 97.9989 744 246.9417 2522 293.6648 2522 391.9954 4158 1349
210480000 97.9989 733 246.9417 2446 293.6648 2446 391.9954 4116 1215
210720000 97.9989 722 246.9417 2372 293.6648 2372 391.9954 4075 1093
210960000 97.9989 711 246.9417 2301 293.6648 2301 391.9954 4034 984
211200000 97.9989 700 246.9417 2232 293.6648 2232 391.9954 3994 885
211440000 97.9989 690 246.9417 2165 293.6648 2165 391.9954 3954 797
211680000 97.9989 680 246.9417 2100 293.6648 2100 391.9954 3914 717
211920000 97.9989 669 246.9417 2037 293.6648 2037 391.9954 3875 645
212160000 97.9989 659 246.9417 1976 293.6648 1976 391.9954 3836 581
212400000 97.9989 649 246.9417 1917 293.6648 1917 391.9954 3798 523
212640000 97.9989 640 246.9417 1859 293.6648 1859 391.9954 3760 470
212880000 97.9989 630 246.9417 1803 293.6648 1803 391.9954 3722 423
213120000 97.9989 621 246.9417 1749 293.6648 1749 391.9954 3685 381
213360000 97.9989 611 246.9417 1697 293.6648 1697 391.9954 3648 343
213600000 97.9989 602 246.9417 1646 293.6648 1646 391.9954 3612 308
213840000 97.9989 593 246.9417 1597 293.6648 1597 391.9954 3576 277
214080000 97.9989 584 246.9417 1549 293.6648 1549 391.9954 3540 250
214320000 97.9989 575 246.9417 1502 293.6648 1502 391.9954 3504 225
214560000 97.9989 567 246.9417 1457 293.6648 1457 391.9954 3469 202
214800000 97.9989 558 246.9417 1413 293.6648 1413 391.9954 3435 182
215040000 97.9989 550 246.9417 1371 293.6648 1371 391.9954 3400 164
215280000 97.9989 542 246.9417 1330 293.6648 1330 391.9954 3366 147
215520000 97.9989 533 246.9417 1290 293.6648 1290 391.9954 3333 132
215760000 97.9989 525 246.9417 1251 293.6648 1251 391.9954 3299 119
216000000 97.9989 518 246.9417 1214 293.6648 1214 391.9954 3266 107
216240000 97.9989 510 246.9417 1177 293.6648 1177 391.9954 3234 96
216480000 97.9989 502 246.9417 1142 293.6648 1142 391.9954 3201 87
216720000 97.9989 495 246.9417 1108 293.6648 1108 391.9954 3169 78
216960000 97.9989 487 246.9417 1074 293.6648 1074 391.9954 3138 70
217200000 97.9989 480 246.9417 1042 293.6648 1042 391.9954 3106 63
217440000 97.9989 473 246.9417 1011 293.6648 1011 391.9954 3075 57
217680000 97.9989 466 246.9417 980 293.6648 980 523.2511 0 2537
217920000 97.9989 459 246.9417 951 293.6648 951 523.2511 0 2030
218160000 97.9989 452 246.9417 923 293.6648 923 523.2511 0 1624
218400000 97.9989 445 246.9417 895 293.6648 895 523.2511 0 1299
218640000 97.9989 438 246.9417 868 293.6648 868 523.2511 0 1039
218880000 97.9989 432 246.9417 842 293.6648 842 523.2511 0 831
219120000 97.9989 425 246.9417 817 293.6648 817 523.2511 0 665
219360000 97.9989 419 246.9417 792 293.6648 792 523.2511 0 532
219600000 97.9989 412 246.9417 768 293.6648 768 523.2511 0 425
219840000 97.9989 406 246.9417 745 293.6648 745 523.2511 0 340
220080000 97.9989 400 246.9417 723 293.6648 723 523.2511 0 272
220320000 97.9989 394 246.9417 701 293.6648 701 523.2511 0 217
220560000 97.9989 388 246.9417 680 293.6648 680 523.2511 0 174
220800000 97.9989 382 246.9417 660 293.6648 660 523.2511 0 139
221040000 97.9989 377 246.9417 640 293.6648 640 523.2511 0 111
221280000 97.9989 371 246.9417 621 293.6648 621 523.2511 0 89
221520000 97.9989 365 246.9417 602 293.6648 602 523.2511 0 71
221760000 97.9989 360 246.9417 584 293.6648 584 523.2511 0 57
222000000 97.9989 355 246.9417 566 293.6648 566 523.2511 0 45
222240000 97.9989 349 246.9417 549 293.6648 549 523.2511 0 36
222480000 97.9989 344 246.9417 533 293.6648 533 523.2511 0 29
222720000 97.9989 339 246.9417 517 293.6648 517 523.2511 0 23
222960000 97.9989 334 246.9417 501 293.6648 501 523.2511 0 18
223200000 97.9989 329 246.9417 486 293.6648 486 523.2511 0 14
223440000 97.9989 324 246.9417 472 293.6648 472 523.2511 0 11
223680000 97.9989 319 246.9417 458 293.6648 458 523.2511 0 9
223920000 97.9989 314 246.9417 444 293.6648 444 523.2511 0 7
224160000 97.9989 309 246.9417 431 293.6648 431 523.2511 0 6
224400000 97.9989 305 246.9417 418 293.6648 418 523.2511 0 4
224640000 97.9989 300 246.9417 405 293.6648 405 523.2511 0 3
224880000 97.9989 296 246.9417 393 293.6648 393 523.2511 0 3
225120000 97.9989 291 246.9417 381 293.6648 381 523.2511 0 0
225360000 97.9989 287 246.9417 370 293.6648 370 523.2511 0 0
225600000 97.9989 283 246.9417 359 293.6648 359 523.2511 0 0
225840000 97.9989 278 246.9417 348 293.6648 348 523.2511 0 0
226080000 97.9989 274 246.9417 337 293.6648 337 523.2511 0 0
226320000 97.9989 270 246.9417 327 293.6648 327 523.2511 0 0
226560000 97.9989 266 246.9417 317 293.6648 317 523.2511 0 0
226800000 97.9989 262 246.9417 308 293.6648 308 523.2511 0 0
227040000 97.9989 258 246.9417 299 293.6648 299 523.2511 0 0
227280000 97.9989 254 246.9417 290 293.6648 290 523.2511 0 0
227520000 97.9989 250 246.9417 281 293.6648 281 523.2511 0 0
227760000 97.9989 247 246.9417 272 293.6648 272 523.2511 0 0
228000000 97.9989 243 246.9417 264 293.6648 264 523.2511 0 0
228240000 97.9989 239 246.9417 256 293.6648 256 523.2511 0 0
228480000 97.9989 236 246.9417 249 293.6648 249 523.2511 0 0
228720000 97.9989 232 246.9417 241 293.6648 241 523.2511 0 0
228960000 97.9989 229 246.9417 234 293.6648 234 523.2511 0 0
229200000 97.9989 225 246.9417 227 293.6648 227 523.2511 0 0
229440000 97.9989 222 246.9417 220 293.6648 220 523.2511 0 0
229680000 97.9989 218 246.9417 213 293.6648 213 523.2511 0 0
229920000 97.9989 215 246.9417 207 293.6648 207 523.2511 0 0
230160000 97.9989 212 246.9417 201 293.6648 201 523.2511 0 0
230400000 97.9989 209 246.9417 195 293.6648 195 523.2511 0 0
230640000 97.9989 206 246.9417 189 293.6648 189 523.2511 0 0
230880000 97.9989 202 246.9417 183 293.6648 183 523.2511 0 0
231120000 97.9989 199 246.9417 178 293.6648 178 523.2511 0 0
231360000 97.9989 196 246.9417 172 293.6648 172 523.2511 0 0
231600000 97.9989 193 246.9417 167 293.6648 167 523.2511 0 0
231840000 97.9989 191 246.9417 162 293.6648 162 523.2511 0 0
232080000 97.9989 188 246.9417 157 293.6648 157 523.2511 0 0
232320000 97.9989 185 246.9417 153 293.6648 153 523.2511 0 0
232560000 97.9989 182 246.9417 148 293.6648 148 523.2511 0 2837
232800000 97.9989 179 246.9417 143 293.6648 143 523.2511 0 2269
233040000 97.9989 177 246.9417 139 293.6648 139 523.2511 0 1815
233280000 97.9989 174 246.9417 135 293.6648 135 523.2511 0 1452
233520000 97.9989 171 246.9417 131 293.6648 131 523.2511 0 1162
233760000 97.9989 169 246.9417 127 293.6648 127 523.2511 0 929
234000000 97.9989 166 246.9417 123 293.6648 123 523.2511 0 743
234240000 97.9989 164 246.9417 119 293.6648 119 523.2511 0 595
234480000 97.9989 161 246.9417 116 293.6648 116 523.2511 0 476
234720000 97.9989 159 246.9417 112 293.6648 112 523.2511 0 380
234960000 97.9989 156 246.9417 109 293.6648 109 523.2511 0 304
235200000 97.9989 154 246.9417 106 293.6648 106 523.2511 0 243
235440000 97.9989 152 246.9417 102 293.6648 102 523.2511 0 194
235680000 97.9989 150 246.9417 99 293.6648 99 523.2511 0 155
235920000 97.9989 147 246.9417 96 293.6648 96 523.2511 0 124
236160000 97.9989 145 246.9417 93 293.6648 93 523.2511 0 99
236400000 97.9989 143 246.9417 91 293.6648 91 523.2511 0 79
236640000 97.9989 141 246.9417 88 293.6648 88 523.2511 0 63
236880000 97.9989 139 246.9417 85 293.6648 85 523.2511 0 51
237120000 97.9989 137 246.9417 83 293.6648 83 523.2511 0 40
237360000 97.9989 134 246.9417 80 293.6648 80 523.2511 0 32
237600000 97.9989 132 246.9417 78 293.6648 78 523.2511 0 26
237840000 97.9989 130 246.9417 75 293.6648 75 523.2511 0 20
238080000 97.9989 128 246.9417 73 293.6648 73 523.2511 0 16
238320000 97.9989 127 246.9417 71 293.6648 71 523.2511 0 13
238560000 97.9989 125 246.9417 69 293.6648 69 523.2511 0 10
238800000 97.9989 123 246.9417 67 293.6648 67 523.2511 0 8
239040000 97.9989 121 246.9417 65 293.6648 65 523.2511 0 6
239280000 97.9989 119 246.9417 63 293.6648 63 523.2511 0 5
239520000 97.9989 117 246.9417 61 293.6648 61 523.2511 0 4
239760000 97.9989 116 246.9417 59 293.6648 59 523.2511 0 3
