event             uniform    arith   maxmin    logic     gsrc   window      gf2     pair   stream     lane segments   chains      dac
bit_test             4958     4569     3107     2572     2264     1172     4574      389     1551     2147     4714     3641     1621
carry_in             5629     9812     2909     1912    11417     4020      743      541     2412     7455     5039     3931     5562
cond_hold            9998     9440    11592    11960    15985    16273     3777     3283     5129     3996     9969     8184     4008
crc_feedback         2169     1898     3562     2293     1590     1152     5235     6452      606     1047     1626     1736      658
crc_pairlo           5806     2969     8214     4200     4552     3187     7718    11138     2516     2294     5716     5199     2034
deleted              3086     3241     3174     2695     3787     2081     2461     2028     3056     2521     1780     3148     2126
feed_valid            296      376      140      170      306      512      268      268      691      120      399     1226     2163
fixed               10274    12994    10138    11107    10860     9901    11107    11107    10189    10323     4195     9610     5690
follow_step         17396    18476    21392    11287    21912    13745    17748    27996    11546    21061    16882    25568    10793
g_from_F             2206     3323     2585     2811     2583      447     1145      684      860      944     2259     2465     2457
g_in                 2054     5866     2574     4801     5107      283     5067     8419     2035     5760     2539     4108     4563
gated_off            9316     6357     5904     7423    13028    14205    26598    19067     5170    10710     7943     6912     3895
join                 3603     4079     2895     3988     4230     4705     3988     3988     3669     3317     8437     3872     7486
lane_carry_out       7464    11452    12078     7680     6592     4400     3945     3367     3911     9180     6465     6785     2883
lane_loop           18447    18566    21057    19290    18411    19336    19290    19290    18557    20368    18447    20010    28800
logic               27049     9011    14911    47296    23862    29709    55361    50440    13651    15230    26065    26253     6794
loop                 6142     4674     6141     5298     4480     4289     5298     5298     6231     5597    11204     4455     9608
maxmin_swap          6641     2395     8212     2913     3162     7945     2927     3033     3896     7045     6361     8206     5329
merge                 163      134       62       53       27     1417       30        1       12        3      134       26        1
negated_by_g         8379     7241    12212     6828    14118     4320     2444     2621     3573     8447     8317     7532     8246
repeat_tick          1133     1110      816      889      764     1504     1116     1116     1460      773     1132     3867    12650
s15_xor_lane        10159     7364     6718     6790     7945     1650    14016     1648     2531    24603     9947     8652     5960
saturated            1654     4091      687      799     4279     1635      210      441      506     3522     1565     2908     3962
shift_in_one        16677    13655    11148    14888    17418     4946    23473    20556     8288    14069    16071    16896     6730
window_hit            332      762      399      966      352     1440      281       32       81       41      370      228       16
wrap_carry           3953     9478     1914     1229     7353     1237     1656      752     1876     7264     3443     3033     3479
zero_flag            2199     1099     2961    13373     1689      485     5131     3325     1159     1094     1797     2520      742
