464 1139
651 1165
816 1225
1136 1339
1432 1382
1533 1424
1635 1455
1737 1487
1913 1560
1989 1573
2075 1598
2234 1631
2379 1698
2528 1767
2632 1793
2734 1832
2881 1885
2979 1959
3156 2150
3329 2214
3508 2305
3628 2384
3699 2440
3816 2492
3979 2576
4099 2618
4237 2669
4342 2702
4526 2741
4615 2781
4732 2805
4876 2850
4981 2865
5135 2916
5260 2948
5354 3001
5485 3044
5615 3116
5760 3157
5909 3232
6065 3281
6213 3342
6353 3407
6536 3457
6624 3467
6729 3528
6883 3575
7049 3631
7151 3656
7316 3697
7408 3711
7549 3751
7688 3782
7804 3851
7911 3874
8015 3911
8183 3956
8313 3969
8493 4005
8689 4068
8831 4104
8914 4121
9073 4171
9205 4216
9307 4235
9473 4273
9595 4306
9670 4320
9782 4355
9945 4385
10029 4400
10169 4431
10297 4464
10433 4505
10554 4528
10640 4535
10810 4580
10880 4591
11052 4626
11150 4642
11225 4650
11410 4699
11550 4722
11691 4763
11818 4785
11952 4809
12100 4844
12217 4861
12378 4883
12531 4908
12698 4933
12828 4952
12969 4974
13107 5017
13185 5028
13342 5064
13418 5075
13590 5103
13715 5116
13798 5134
13948 5166
14048 5179
14102 5188
14181 5207
14273 5221
14355 5230
14475 5255
14553 5276
14652 5282
14743 5298
14831 5309
14943 5332
15052 5347
15130 5363
15275 5390
15462 5421
15577 5447
15673 5459
15734 5465
15841 5480
15982 5502
16086 5527
16191 5538
16321 5556
16466 5575
16576 5604
16718 5630
16845 5653
16907 5655
16979 5668
17100 5693
17196 5710
17323 5727
17477 5749
17610 5765
17700 5773
17807 5782
17913 5801
17976 5805
18032 5809
18099 5825
18155 5836
18241 5850
18347 5868
18426 5876
18458 5876
18556 5884
18738 5916
18810 5925
18944 5936
19006 5947
19109 5956
19209 5965
19278 5971
19380 5989
19446 6000
19526 6010
19640 6027
19768 6043
19830 6057
19914 6069
20018 6083
