T 457966666666 1 18 3 0 0 0
T 1225633333333 1 18 3 0 0 0
T 1833366666666 1 18 3 0 0 0
T 2689900000000 1 18 3 0 0 0
T 3379300000000 1 17 133 0 0 0 58 1
T 4110966666666 1 17 133 0 0 0 188 1
T 4649966666666 1 18 3 0 0 0
T 5346300000000 1 17 133 0 0 0 119 1
T 6169633333333 1 17 133 0 0 0 219 1
T 6816500000000 1 18 3 0 0 0
T 7569700000000 1 17 133 0 0 0 208 1
T 8264366666666 1 17 133 1 1 1 255 1
T 8992033333333 1 18 3 0 0 0
T 9666900000000 1 17 133 0 0 0 235 1
T 10264633333333 1 18 3 0 0 0
T 11139366666666 1 18 3 0 0 0
T 11738366666666 1 18 3 0 0 0
T 12507233333333 1 17 133 1 1 1 255 1
T 13073300000000 1 17 133 0 0 0 186 1
T 13860100000000 1 18 3 0 0 0
T 14541966666666 1 17 133 1 1 1 255 1
T 15240700000000 1 18 3 0 0 0
T 15816899999999 1 18 3 1 1 1
T 16560366666666 1 18 3 0 0 0
T 17288633333333 1 17 133 0 0 0 229 1
T 17954433333333 1 18 3 0 0 0
T 18726833333333 1 17 133 0 0 0 249 1
T 19423566666666 1 18 3 1 1 1
T 20064966666666 1 17 133 0 0 0 231 1
T 20883500000000 1 18 3 0 0 0
T 21464100000000 1 18 3 0 0 0
T 22312566666666 1 18 3 0 0 0
T 22860900000000 1 17 133 0 0 0 0 1
T 23635233333333 1 18 3 0 0 0
T 24268233333333 1 18 3 0 0 0
T 25183366666666 1 18 3 0 0 0
T 25726300000000 1 17 133 0 0 0 236 1
T 26346433333333 1 18 3 1 1 1
T 27101966666666 1 18 3 0 0 0
T 27855500000000 1 18 3 0 0 0
