33 1226
65 1236
97 1276
129 1319
161 1327
193 1336
225 1360
257 1383
289 1383
321 1398
353 1405
385 1419
417 1427
449 1443
481 1444
513 1482
545 1527
577 1547
609 1578
641 1578
673 1578
705 1607
737 1636
769 1645
801 1650
833 1662
865 1667
897 1676
929 1678
961 1681
993 1719
1025 1720
1057 1726
1089 1760
1121 1790
1153 1815
1185 1815
1217 1833
1249 1848
1281 1852
1313 1862
1345 1895
1377 1908
1409 1918
1441 1922
1473 1946
1505 1959
1537 1959
1569 1988
1601 2011
1633 2022
1665 2025
1697 2027
1729 2034
1761 2036
1793 2036
1825 2050
1857 2081
1889 2142
1921 2145
1953 2148
1985 2162
2017 2163
2049 2166
2081 2171
2113 2177
2145 2186
2177 2192
2209 2195
2241 2200
2273 2200
2305 2211
2337 2234
2369 2234
2401 2234
2433 2270
2465 2275
2497 2276
2529 2277
2561 2304
2593 2308
2625 2308
2657 2312
2689 2350
2721 2364
2753 2364
2785 2365
2817 2371
2849 2371
2881 2374
2913 2383
2945 2383
2977 2386
3009 2414
3041 2417
3073 2424
3105 2429
3137 2432
3169 2434
3201 2435
3233 2436
3265 2436
3297 2437
3329 2439
3361 2460
3393 2462
3425 2472
3457 2474
3489 2476
3521 2478
3553 2478
3585 2494
3617 2494
3649 2495
3681 2536
3713 2542
3745 2548
3777 2554
3809 2582
3841 2592
3873 2593
3905 2598
3937 2600
3969 2602
4001 2606
4033 2610
4065 2614
4097 2637
4129 2641
4161 2653
4193 2653
4225 2655
4257 2666
4289 2668
4321 2676
4353 2687
4385 2698
4417 2698
4449 2701
4481 2719
4513 2724
4545 2726
4577 2739
4609 2741
4641 2741
4673 2742
4705 2742
4737 2742
4769 2745
4801 2745
4833 2750
4865 2755
4897 2758
4929 2760
4961 2761
4993 2761
5025 2766
5057 2766
5089 2766
5121 2767
5153 2805
5185 2805
5217 2805
5249 2807
5281 2819
5313 2819
5345 2851
5377 2853
5409 2885
5441 2886
5473 2889
5505 2890
5537 2899
5569 2938
5601 2944
5633 2945
5665 2951
5697 2954
5729 2956
5761 2960
5793 2961
5825 2962
5857 2962
5889 2963
5921 2963
5953 2965
5985 2970
6017 2973
6049 2973
6081 2974
6113 2979
6145 3002
6177 3003
6209 3004
6241 3030
6273 3032
6305 3035
6337 3035
6369 3039
6401 3039
6433 3040
6465 3040
6497 3049
6529 3051
6561 3053
6593 3061
6625 3079
6657 3087
6689 3088
6721 3115
6753 3116
6785 3119
6817 3119
6849 3121
6881 3121
6913 3121
6945 3122
6977 3126
7009 3128
7041 3128
7073 3128
7105 3130
7137 3131
7169 3131
7201 3133
7233 3133
7265 3137
7297 3151
7329 3151
7361 3169
7393 3169
7425 3179
7457 3179
7489 3179
7521 3181
7553 3181
7585 3181
7617 3222
7649 3224
7681 3228
7713 3239
7745 3244
7777 3244
7809 3244
7841 3249
7873 3249
7905 3249
7937 3249
7969 3249
8001 3249
8033 3249
8065 3250
8097 3258
8129 3265
8161 3277
8193 3279
8225 3283
8257 3288
8289 3288
8321 3293
8353 3297
8385 3297
8417 3297
8449 3301
8481 3302
8513 3303
8545 3303
8577 3304
8609 3325
8641 3332
8673 3334
8705 3334
8737 3337
8769 3339
8801 3344
8833 3351
8865 3351
8897 3351
8929 3352
8961 3353
8993 3353
9025 3354
9057 3354
9089 3355
9121 3362
9153 3362
9185 3368
9217 3379
9249 3379
9281 3380
9313 3382
9345 3385
9377 3395
9409 3405
9441 3406
9473 3409
9505 3409
9537 3410
9569 3410
9601 3410
9633 3411
9665 3411
9697 3411
9729 3421
9761 3422
9793 3436
9825 3437
9857 3437
9889 3438
9921 3438
9953 3438
9985 3439
10017 3441
10049 3441
10081 3441
10113 3441
10145 3443
10177 3443
10209 3443
10241 3444
10273 3444
10305 3444
10337 3444
10369 3450
10401 3476
10433 3477
10465 3480
10497 3499
10529 3506
10561 3507
10593 3513
10625 3513
10657 3518
10689 3520
10721 3522
10753 3522
10785 3523
10817 3526
10849 3526
10881 3526
10913 3532
10945 3533
10977 3533
11009 3540
11041 3555
11073 3556
11105 3558
11137 3560
11169 3562
11201 3562
11233 3597
11265 3597
11297 3601
11329 3602
11361 3602
11393 3602
11425 3602
11457 3602
11489 3604
11521 3610
11553 3614
11585 3620
11617 3629
11649 3629
11681 3640
11713 3640
11745 3646
11777 3655
11809 3655
11841 3656
11873 3665
11905 3669
11937 3671
11969 3671
12001 3675
12033 3675
12065 3677
12097 3677
12129 3679
12161 3679
12193 3697
12225 3698
12257 3701
12289 3703
12321 3715
12353 3731
12385 3731
12417 3731
12449 3733
12481 3738
12513 3739
12545 3739
12577 3739
12609 3739
12641 3740
12673 3740
12705 3740
12737 3740
12769 3742
12801 3742
12833 3742
12865 3743
12897 3743
12929 3743
12961 3746
12993 3769
13025 3771
13057 3771
13089 3787
13121 3787
13153 3788
13185 3788
13217 3794
13249 3795
13281 3799
13313 3800
13345 3801
13377 3801
13409 3801
13441 3801
13473 3801
13505 3801
13537 3803
13569 3827
13601 3827
13633 3828
13665 3829
13697 3846
13729 3846
13761 3848
13793 3857
13825 3873
13857 3877
13889 3877
13921 3878
13953 3878
13985 3879
14017 3882
14049 3882
14081 3883
14113 3884
14145 3895
14177 3896
14209 3896
14241 3899
14273 3901
14305 3903
14337 3905
14369 3905
14401 3907
14433 3907
14465 3907
14497 3908
14529 3908
14561 3921
14593 3922
14625 3926
14657 3926
14689 3928
14721 3928
14753 3931
14785 3931
14817 3931
14849 3932
14881 3937
14913 3939
14945 3942
14977 3942
15009 3946
15041 3946
15073 3946
15105 3947
15137 3947
15169 3954
15201 3954
15233 3954
15265 3954
15297 3954
15329 3954
15361 3970
15393 3970
15425 3977
15457 3979
15489 3979
15521 3979
15553 3979
15585 4010
15617 4010
15649 4010
15681 4010
15713 4011
15745 4015
15777 4015
15809 4017
15841 4017
15873 4017
15905 4019
15937 4028
15969 4029
16001 4029
16033 4029
16065 4035
16097 4038
16129 4038
16161 4038
16193 4040
16225 4040
16257 4042
16289 4045
16321 4045
16353 4047
16385 4048
16417 4049
16449 4049
16481 4050
16513 4050
16545 4050
16577 4052
16609 4052
16641 4052
16673 4052
16705 4052
16737 4052
16769 4052
16801 4052
16833 4052
16865 4052
16897 4055
16929 4058
16961 4061
16993 4063
17025 4064
17057 4064
17089 4070
17121 4072
17153 4072
17185 4093
17217 4094
17249 4104
17281 4106
17313 4114
17345 4114
17377 4118
17409 4128
17441 4134
17473 4136
17505 4137
17537 4137
17569 4138
17601 4138
17633 4138
17665 4138
17697 4138
17729 4138
17761 4138
17793 4159
17825 4159
17857 4159
17889 4159
17921 4159
17953 4161
17985 4163
18017 4163
18049 4163
18081 4167
18113 4167
18145 4167
18177 4168
18209 4169
18241 4169
18273 4169
18305 4169
18337 4170
18369 4171
18401 4173
18433 4173
18465 4178
18497 4181
18529 4181
18561 4184
18593 4188
18625 4188
18657 4188
18689 4190
18721 4190
18753 4190
18785 4190
18817 4190
18849 4191
18881 4191
18913 4191
18945 4192
18977 4192
19009 4192
19041 4199
19073 4215
19105 4219
19137 4219
19169 4219
19201 4221
19233 4231
19265 4232
19297 4232
19329 4232
19361 4233
19393 4234
19425 4235
19457 4235
19489 4237
19521 4237
19553 4238
19585 4238
19617 4240
19649 4243
19681 4247
19713 4247
19745 4249
19777 4257
19809 4258
19841 4258
19873 4258
19905 4260
19937 4260
19969 4262
20001 4266
