419 1151
525 1228
756 1407
977 1461
1168 1508
1388 1583
1527 1666
1677 1709
1826 1751
1960 1792
2145 1860
2301 1915
2550 2023
2653 2078
2851 2178
3092 2254
3228 2320
3345 2376
3404 2378
3648 2469
3873 2541
4048 2590
4298 2642
4396 2726
4559 2753
4784 2819
5015 2890
5224 2945
5379 2984
5566 3065
5847 3125
6013 3182
6296 3250
6494 3293
6752 3371
6941 3449
7218 3501
7422 3595
7586 3634
7889 3699
8052 3734
8276 3788
8479 3833
8701 3871
8963 3917
9243 3971
9488 4020
9708 4089
9922 4169
10165 4233
10430 4300
10724 4354
10984 4404
11213 4438
11429 4478
11517 4490
11677 4517
11922 4577
12170 4614
12421 4698
12565 4720
12846 4768
13001 4797
13345 4867
13475 4878
13799 4925
13943 4944
14225 4996
14425 5019
14752 5053
15027 5087
15210 5117
15491 5160
15684 5179
15937 5225
16207 5298
16507 5361
16784 5398
17087 5436
17325 5466
17512 5486
17688 5510
17921 5534
18195 5567
18416 5604
18605 5626
18873 5669
19102 5712
19386 5739
19465 5750
19719 5783
19807 5791
20097 5835
