# 2026-09-25T11:19:00+08:00 run mc-ls-ff85: mc.py  --env CORNER=mos_ff --env TEMP=85 --env NS=200 --env N0=1 --env JOBS=1 --env VLO=0.3 --env VBAR=0.1 --env SCAN=0.15:0.60:0.025   (commit 530b0ea)
mc: mos_ff_mismatch 85C VLO=0.3 VBAR=0.1 sense 10.0 ns, seeds 1..200, scan [0.15, 0.175, 0.2, 0.225, 0.25, 0.275, 0.3, 0.325, 0.35, 0.375, 0.4, 0.425, 0.45, 0.475, 0.5, 0.525, 0.55, 0.575, 0.6], TSTOP 50m
seed     1 vw1 0.8204 vw0 0.1963 L1 0.3295 H0 0.2786 t1 1.4820e-03 t0 2.1659e-04 life 2.1659e-04 t0park inf lifepark 1.4820e-03  rbl 1.105 1.064 1.007 0.930 0.831 0.716 0.607 0.515 0.433 0.359 0.289 0.223 0.162 0.119 0.103 0.100 0.100 0.100 0.100
seed     2 vw1 0.8164 vw0 0.1935 L1 0.3634 H0 0.31 t1 1.2139e-03 t0 9.3754e-04 life 9.3754e-04 t0park inf lifepark 1.2139e-03  rbl 1.139 1.112 1.073 1.020 0.948 0.854 0.743 0.636 0.544 0.463 0.389 0.319 0.253 0.190 0.137 0.109 0.101 0.100 0.100
seed     3 vw1 0.8507 vw0 0.1979 L1 0.354 H0 0.2988 t1 1.0911e-03 t0 1.7244e-04 life 1.7244e-04 t0park inf lifepark 1.0911e-03  rbl 1.126 1.094 1.049 0.988 0.907 0.805 0.695 0.597 0.512 0.436 0.365 0.298 0.233 0.173 0.127 0.105 0.101 0.100 0.100
seed     4 vw1 0.8334 vw0 0.1911 L1 0.3328 H0 0.2783 t1 1.2510e-03 t0 1.0568e-04 life 1.0568e-04 t0park inf lifepark 1.2510e-03  rbl 1.101 1.059 1.001 0.923 0.824 0.713 0.612 0.525 0.446 0.373 0.304 0.237 0.175 0.127 0.106 0.101 0.100 0.100 0.100
seed     5 vw1 0.8557 vw0 0.1967 L1 0.3363 H0 0.2877 t1 1.1320e-03 t0 1.0695e-04 life 1.0695e-04 t0park inf lifepark 1.1320e-03  rbl 1.117 1.081 1.031 0.962 0.871 0.760 0.642 0.539 0.452 0.375 0.302 0.234 0.171 0.124 0.105 0.101 0.100 0.100 0.100
seed     6 vw1 0.8859 vw0 0.1937 L1 0.336 H0 0.29 t1 7.8377e-04 t0 4.5110e-05 life 4.5110e-05 t0park inf lifepark 7.8377e-04  rbl 1.121 1.086 1.037 0.970 0.882 0.773 0.651 0.541 0.448 0.367 0.292 0.223 0.161 0.118 0.103 0.100 0.100 0.100 0.100
seed     7 vw1 0.8466 vw0 0.1963 L1 0.3487 H0 0.2988 t1 1.1237e-03 t0 1.9208e-04 life 1.9208e-04 t0park inf lifepark 1.1237e-03  rbl 1.129 1.098 1.054 0.993 0.912 0.810 0.694 0.587 0.495 0.414 0.340 0.271 0.205 0.147 0.113 0.102 0.100 0.100 0.100
seed     8 vw1 0.8616 vw0 0.1926 L1 0.3543 H0 0.3038 t1 9.4516e-04 t0 1.3405e-04 life 1.3405e-04 t0park inf lifepark 9.4516e-04  rbl 1.134 1.105 1.064 1.008 0.931 0.832 0.717 0.607 0.514 0.433 0.359 0.289 0.223 0.162 0.120 0.103 0.100 0.100 0.100
seed     9 vw1 0.8624 vw0 0.1942 L1 0.3454 H0 0.2955 t1 9.8590e-04 t0 1.0422e-04 life 1.0422e-04 t0park inf lifepark 9.8590e-04  rbl 1.126 1.093 1.047 0.984 0.900 0.796 0.679 0.573 0.483 0.404 0.330 0.261 0.196 0.141 0.110 0.101 0.100 0.100 0.100
seed    10 vw1 0.8505 vw0 0.1941 L1 0.3496 H0 0.2992 t1 1.0756e-03 t0 1.6386e-04 life 1.6386e-04 t0park inf lifepark 1.0756e-03  rbl 1.129 1.098 1.055 0.995 0.914 0.812 0.696 0.589 0.499 0.418 0.345 0.276 0.210 0.152 0.115 0.102 0.100 0.100 0.100
seed    11 vw1 0.8462 vw0 0.1947 L1 0.3075 H0 0.2579 t1 1.3863e-03 t0 4.4367e-05 life 4.4367e-05 t0park 1.1658e-04 lifepark 1.1658e-04  rbl 1.072 1.018 0.944 0.849 0.736 0.622 0.525 0.441 0.364 0.293 0.225 0.163 0.120 0.103 0.100 0.100 0.100 0.100 0.100
seed    12 vw1 0.8472 vw0 0.2000 L1 0.3151 H0 0.2658 t1 1.3895e-03 t0 6.4829e-05 life 6.4829e-05 t0park 1.9344e-04 lifepark 1.9344e-04  rbl 1.085 1.037 0.971 0.883 0.775 0.657 0.553 0.465 0.387 0.315 0.247 0.184 0.132 0.107 0.101 0.100 0.100 0.100 0.100
seed    13 vw1 0.8592 vw0 0.1904 L1 0.3738 H0 0.3214 t1 8.5426e-04 t0 2.5064e-04 life 2.5064e-04 t0park inf lifepark 8.5426e-04  rbl 1.149 1.126 1.093 1.047 0.984 0.901 0.797 0.684 0.583 0.496 0.418 0.346 0.277 0.211 0.153 0.115 0.102 0.100 0.100
seed    14 vw1 0.7991 vw0 0.1910 L1 0.3518 H0 0.2977 t1 1.3658e-03 t0 1.0422e-03 life 1.0422e-03 t0park inf lifepark 1.3658e-03  rbl 1.126 1.094 1.049 0.987 0.904 0.801 0.690 0.591 0.506 0.429 0.357 0.289 0.223 0.163 0.120 0.104 0.100 0.100 0.100
seed    15 vw1 0.8641 vw0 0.1970 L1 0.3397 H0 0.2861 t1 1.0266e-03 t0 7.6863e-05 life 7.6863e-05 t0park 5.2611e-04 lifepark 5.2611e-04  rbl 1.113 1.075 1.023 0.952 0.859 0.748 0.640 0.548 0.467 0.392 0.323 0.256 0.193 0.139 0.109 0.101 0.100 0.100 0.100
seed    16 vw1 0.8621 vw0 0.1984 L1 0.337 H0 0.2871 t1 1.0662e-03 t0 8.4438e-05 life 8.4438e-05 t0park 8.1388e-04 lifepark 8.1388e-04  rbl 1.115 1.078 1.027 0.958 0.867 0.756 0.641 0.541 0.456 0.379 0.307 0.240 0.177 0.128 0.106 0.101 0.100 0.100 0.100
seed    17 vw1 0.8515 vw0 0.1930 L1 0.3703 H0 0.3198 t1 9.4342e-04 t0 3.1773e-04 life 3.1773e-04 t0park inf lifepark 9.4342e-04  rbl 1.148 1.125 1.092 1.046 0.982 0.897 0.792 0.676 0.572 0.483 0.404 0.332 0.263 0.199 0.143 0.111 0.102 0.100 0.100
seed    18 vw1 0.8343 vw0 0.1971 L1 0.3413 H0 0.2901 t1 1.3023e-03 t0 2.3576e-04 life 2.3576e-04 t0park inf lifepark 1.3023e-03  rbl 1.117 1.082 1.032 0.965 0.877 0.769 0.655 0.556 0.470 0.393 0.321 0.253 0.189 0.136 0.108 0.101 0.100 0.100 0.100
seed    19 vw1 0.8315 vw0 0.1977 L1 0.3007 H0 0.2495 t1 1.5672e-03 t0 4.1230e-05 life 4.1230e-05 t0park 1.0324e-04 lifepark 1.0324e-04  rbl 1.054 0.995 0.915 0.813 0.698 0.592 0.502 0.422 0.349 0.279 0.213 0.154 0.115 0.102 0.100 0.100 0.100 0.100 0.100
seed    20 vw1 0.8673 vw0 0.1973 L1 0.324 H0 0.2713 t1 1.0413e-03 t0 3.8359e-05 life 3.8359e-05 t0park 1.1475e-04 lifepark 1.1475e-04  rbl 1.091 1.046 0.984 0.901 0.797 0.683 0.583 0.496 0.419 0.347 0.279 0.215 0.156 0.117 0.103 0.100 0.100 0.100 0.100
seed    21 vw1 0.8323 vw0 0.1961 L1 0.3497 H0 0.3016 t1 1.2356e-03 t0 3.5827e-04 life 3.5827e-04 t0park inf lifepark 1.2356e-03  rbl 1.133 1.103 1.061 1.003 0.924 0.824 0.707 0.594 0.499 0.416 0.341 0.270 0.204 0.146 0.112 0.102 0.100 0.100 0.100
seed    22 vw1 0.8132 vw0 0.1935 L1 0.3288 H0 0.2767 t1 1.4643e-03 t0 1.9571e-04 life 1.9571e-04 t0park inf lifepark 1.4643e-03  rbl 1.102 1.059 1.001 0.922 0.822 0.707 0.602 0.512 0.432 0.358 0.289 0.222 0.162 0.119 0.103 0.100 0.100 0.100 0.100
seed    23 vw1 0.8773 vw0 0.1976 L1 0.3152 H0 0.2582 t1 9.9328e-04 t0 1.9709e-05 life 1.9709e-05 t0park 4.9718e-05 lifepark 4.9718e-05  rbl 1.066 1.011 0.936 0.841 0.732 0.634 0.547 0.470 0.398 0.329 0.263 0.201 0.145 0.112 0.102 0.100 0.100 0.100 0.100
seed    24 vw1 0.8188 vw0 0.1899 L1 0.3623 H0 0.3087 t1 1.1956e-03 t0 8.4647e-04 life 8.4647e-04 t0park inf lifepark 1.1956e-03  rbl 1.138 1.111 1.071 1.017 0.943 0.848 0.737 0.631 0.540 0.459 0.384 0.314 0.247 0.183 0.132 0.107 0.101 0.100 0.100
seed    25 vw1 0.8074 vw0 0.1882 L1 0.3876 H0 0.334 t1 1.1023e-03 t0 inf life 1.1023e-03 t0park inf lifepark 1.1023e-03  rbl 1.159 1.140 1.112 1.074 1.019 0.946 0.850 0.738 0.632 0.541 0.460 0.386 0.316 0.250 0.187 0.135 0.108 0.101 0.100
seed    26 vw1 0.8081 vw0 0.1965 L1 0.3297 H0 0.278 t1 1.5656e-03 t0 3.2413e-04 life 3.2413e-04 t0park inf lifepark 1.5656e-03  rbl 1.103 1.061 1.004 0.926 0.827 0.713 0.606 0.515 0.435 0.361 0.291 0.225 0.165 0.121 0.104 0.100 0.100 0.100 0.100
seed    27 vw1 0.8280 vw0 0.1904 L1 0.334 H0 0.2803 t1 1.2858e-03 t0 1.3400e-04 life 1.3400e-04 t0park inf lifepark 1.2858e-03  rbl 1.104 1.064 1.008 0.932 0.834 0.722 0.618 0.529 0.449 0.375 0.306 0.240 0.177 0.128 0.106 0.101 0.100 0.100 0.100
seed    28 vw1 0.8762 vw0 0.1962 L1 0.3718 H0 0.3176 t1 7.8015e-04 t0 1.5135e-04 life 1.5135e-04 t0park inf lifepark 7.8015e-04  rbl 1.145 1.120 1.085 1.036 0.970 0.883 0.777 0.668 0.573 0.489 0.414 0.343 0.275 0.210 0.153 0.115 0.103 0.100 0.100
seed    29 vw1 0.8343 vw0 0.1900 L1 0.355 H0 0.301 t1 1.1210e-03 t0 2.4520e-04 life 2.4520e-04 t0park inf lifepark 1.1210e-03  rbl 1.130 1.099 1.055 0.996 0.916 0.815 0.704 0.603 0.516 0.437 0.365 0.296 0.230 0.168 0.123 0.104 0.100 0.100 0.100
seed    30 vw1 0.8442 vw0 0.1955 L1 0.3589 H0 0.3077 t1 1.1323e-03 t0 3.4597e-04 life 3.4597e-04 t0park inf lifepark 1.1323e-03  rbl 1.137 1.110 1.071 1.016 0.943 0.847 0.734 0.623 0.529 0.447 0.373 0.303 0.236 0.175 0.127 0.105 0.101 0.100 0.100
seed    31 vw1 0.8370 vw0 0.1982 L1 0.3319 H0 0.2779 t1 1.3749e-03 t0 1.4688e-04 life 1.4688e-04 t0park inf lifepark 1.3749e-03  rbl 1.100 1.058 1.000 0.923 0.824 0.712 0.610 0.522 0.443 0.371 0.302 0.236 0.175 0.127 0.105 0.101 0.100 0.100 0.100
seed    32 vw1 0.8733 vw0 0.1978 L1 0.3328 H0 0.283 t1 9.4288e-04 t0 5.1595e-05 life 5.1595e-05 t0park 2.2319e-04 lifepark 2.2319e-04  rbl 1.110 1.072 1.018 0.945 0.850 0.736 0.623 0.526 0.442 0.366 0.295 0.228 0.166 0.122 0.104 0.100 0.100 0.100 0.100
seed    33 vw1 0.8457 vw0 0.1950 L1 0.3461 H0 0.293 t1 1.1650e-03 t0 1.7297e-04 life 1.7297e-04 t0park inf lifepark 1.1650e-03  rbl 1.121 1.086 1.038 0.973 0.886 0.780 0.669 0.571 0.487 0.410 0.338 0.270 0.205 0.148 0.113 0.102 0.100 0.100 0.100
seed    34 vw1 0.8482 vw0 0.1942 L1 0.3388 H0 0.2904 t1 1.1778e-03 t0 1.5046e-04 life 1.5046e-04 t0park inf lifepark 1.1778e-03  rbl 1.121 1.086 1.037 0.970 0.882 0.773 0.655 0.549 0.460 0.380 0.306 0.237 0.173 0.125 0.105 0.101 0.100 0.100 0.100
seed    35 vw1 0.8762 vw0 0.1951 L1 0.3791 H0 0.3255 t1 7.6345e-04 t0 2.0360e-04 life 2.0360e-04 t0park inf lifepark 7.6345e-04  rbl 1.152 1.130 1.099 1.056 0.996 0.916 0.815 0.702 0.600 0.513 0.435 0.363 0.295 0.229 0.169 0.124 0.105 0.101 0.100
seed    36 vw1 0.8894 vw0 0.1929 L1 0.3482 H0 0.2937 t1 6.8346e-04 t0 4.1701e-05 life 4.1701e-05 t0park inf lifepark 6.8346e-04  rbl 1.121 1.087 1.039 0.974 0.887 0.781 0.672 0.577 0.494 0.418 0.347 0.279 0.214 0.155 0.116 0.103 0.100 0.100 0.100
seed    37 vw1 0.8326 vw0 0.1880 L1 0.347 H0 0.2991 t1 1.0908e-03 t0 1.8351e-04 life 1.8351e-04 t0park inf lifepark 1.0908e-03  rbl 1.131 1.101 1.057 0.996 0.915 0.814 0.696 0.584 0.489 0.406 0.330 0.258 0.192 0.137 0.108 0.101 0.100 0.100 0.100
seed    38 vw1 0.8242 vw0 0.1906 L1 0.3587 H0 0.3099 t1 1.1894e-03 t0 6.5410e-04 life 6.5410e-04 t0park inf lifepark 1.1894e-03  rbl 1.140 1.114 1.076 1.023 0.951 0.858 0.746 0.630 0.530 0.444 0.366 0.294 0.226 0.164 0.121 0.104 0.100 0.100 0.100
seed    39 vw1 0.8259 vw0 0.1950 L1 0.3137 H0 0.2617 t1 1.5199e-03 t0 9.0050e-05 life 9.0050e-05 t0park 2.6736e-04 lifepark 2.6736e-04  rbl 1.075 1.024 0.953 0.862 0.752 0.641 0.546 0.462 0.386 0.314 0.246 0.182 0.131 0.107 0.101 0.100 0.100 0.100 0.100
seed    40 vw1 0.8441 vw0 0.1943 L1 0.3515 H0 0.3016 t1 1.1275e-03 t0 2.3366e-04 life 2.3366e-04 t0park inf lifepark 1.1275e-03  rbl 1.131 1.101 1.059 1.000 0.921 0.822 0.707 0.598 0.505 0.423 0.349 0.279 0.212 0.153 0.115 0.102 0.100 0.100 0.100
seed    41 vw1 0.8146 vw0 0.1943 L1 0.3253 H0 0.2736 t1 1.4796e-03 t0 1.6963e-04 life 1.6963e-04 t0park inf lifepark 1.4796e-03  rbl 1.096 1.052 0.991 0.910 0.808 0.694 0.590 0.501 0.422 0.348 0.279 0.213 0.154 0.115 0.102 0.100 0.100 0.100 0.100
seed    42 vw1 0.8648 vw0 0.1944 L1 0.3174 H0 0.2648 t1 1.1113e-03 t0 3.5018e-05 life 3.5018e-05 t0park 9.6459e-05 lifepark 9.6459e-05  rbl 1.082 1.033 0.965 0.875 0.766 0.655 0.558 0.475 0.398 0.327 0.259 0.195 0.140 0.109 0.101 0.100 0.100 0.100 0.100
seed    43 vw1 0.8063 vw0 0.1934 L1 0.3436 H0 0.2893 t1 1.4235e-03 t0 4.9327e-04 life 4.9327e-04 t0park inf lifepark 1.4235e-03  rbl 1.115 1.079 1.028 0.960 0.870 0.761 0.654 0.561 0.479 0.404 0.334 0.267 0.203 0.147 0.112 0.102 0.100 0.100 0.100
seed    44 vw1 0.8582 vw0 0.1901 L1 0.3088 H0 0.2562 t1 1.1150e-03 t0 2.3005e-05 life 2.3005e-05 t0park 5.9639e-05 lifepark 5.9639e-05  rbl 1.066 1.010 0.936 0.839 0.726 0.620 0.529 0.448 0.374 0.304 0.237 0.175 0.127 0.105 0.101 0.100 0.100 0.100 0.100
seed    45 vw1 0.8849 vw0 0.1931 L1 0.3624 H0 0.3125 t1 6.9706e-04 t0 9.0660e-05 life 9.0660e-05 t0park inf lifepark 6.9706e-04  rbl 1.143 1.117 1.080 1.029 0.958 0.867 0.757 0.642 0.543 0.457 0.379 0.307 0.238 0.174 0.126 0.105 0.101 0.100 0.100
seed    46 vw1 0.8709 vw0 0.1987 L1 0.3304 H0 0.2791 t1 1.0458e-03 t0 5.6964e-05 life 5.6964e-05 t0park 2.2926e-04 lifepark 2.2926e-04  rbl 1.104 1.063 1.007 0.930 0.832 0.718 0.610 0.518 0.437 0.363 0.293 0.226 0.165 0.121 0.104 0.100 0.100 0.100 0.100
seed    47 vw1 0.8567 vw0 0.1930 L1 0.328 H0 0.2794 t1 1.0348e-03 t0 5.5500e-05 life 5.5500e-05 t0park 2.3234e-04 lifepark 2.3234e-04  rbl 1.106 1.066 1.010 0.934 0.836 0.720 0.606 0.510 0.427 0.351 0.280 0.214 0.154 0.116 0.102 0.100 0.100 0.100 0.100
seed    48 vw1 0.8303 vw0 0.1916 L1 0.3347 H0 0.2867 t1 1.3199e-03 t0 2.0111e-04 life 2.0111e-04 t0park inf lifepark 1.3199e-03  rbl 1.117 1.080 1.029 0.959 0.867 0.756 0.637 0.534 0.446 0.368 0.295 0.227 0.164 0.120 0.103 0.100 0.100 0.100 0.100
seed    49 vw1 0.8232 vw0 0.1929 L1 0.3453 H0 0.2938 t1 1.3074e-03 t0 3.1698e-04 life 3.1698e-04 t0park inf lifepark 1.3074e-03  rbl 1.124 1.090 1.043 0.979 0.893 0.786 0.671 0.570 0.484 0.406 0.334 0.266 0.201 0.145 0.111 0.102 0.100 0.100 0.100
seed    50 vw1 0.8217 vw0 0.1969 L1 0.3312 H0 0.2788 t1 1.4624e-03 t0 2.0720e-04 life 2.0720e-04 t0park inf lifepark 1.4624e-03  rbl 1.103 1.061 1.004 0.928 0.829 0.716 0.610 0.520 0.440 0.367 0.297 0.231 0.170 0.124 0.105 0.101 0.100 0.100 0.100
seed    51 vw1 0.9272 vw0 0.1978 L1 0.3686 H0 0.3168 t1 4.3358e-04 t0 4.1513e-05 life 4.1513e-05 t0park inf lifepark 4.3358e-04  rbl 1.147 1.122 1.088 1.039 0.973 0.885 0.776 0.663 0.564 0.478 0.402 0.330 0.262 0.198 0.142 0.110 0.101 0.100 0.100
seed    52 vw1 0.8402 vw0 0.1894 L1 0.337 H0 0.2849 t1 1.1053e-03 t0 9.5124e-05 life 9.5124e-05 t0park inf lifepark 1.1053e-03  rbl 1.111 1.073 1.020 0.948 0.855 0.743 0.634 0.540 0.457 0.381 0.311 0.243 0.180 0.130 0.106 0.101 0.100 0.100 0.100
seed    53 vw1 0.8515 vw0 0.1976 L1 0.3633 H0 0.3147 t1 1.0410e-03 t0 3.4461e-04 life 3.4461e-04 t0park inf lifepark 1.0410e-03  rbl 1.145 1.121 1.085 1.036 0.968 0.879 0.770 0.651 0.547 0.459 0.380 0.308 0.239 0.176 0.127 0.105 0.101 0.100 0.100
seed    54 vw1 0.8284 vw0 0.1921 L1 0.353 H0 0.2987 t1 1.2061e-03 t0 2.9762e-04 life 2.9762e-04 t0park inf lifepark 1.2061e-03  rbl 1.128 1.096 1.051 0.990 0.909 0.806 0.694 0.595 0.509 0.432 0.360 0.292 0.227 0.167 0.122 0.104 0.100 0.100 0.100
seed    55 vw1 0.8503 vw0 0.1942 L1 0.3433 H0 0.2906 t1 1.0911e-03 t0 1.1539e-04 life 1.1539e-04 t0park inf lifepark 1.0911e-03  rbl 1.119 1.083 1.034 0.967 0.878 0.769 0.658 0.561 0.478 0.402 0.331 0.263 0.199 0.144 0.111 0.102 0.100 0.100 0.100
seed    56 vw1 0.8264 vw0 0.1935 L1 0.3381 H0 0.2834 t1 1.2985e-03 t0 1.7600e-04 life 1.7600e-04 t0park inf lifepark 1.2985e-03  rbl 1.108 1.068 1.014 0.940 0.845 0.735 0.631 0.542 0.462 0.388 0.318 0.251 0.188 0.135 0.108 0.101 0.100 0.100 0.100
seed    57 vw1 0.8514 vw0 0.1915 L1 0.335 H0 0.2833 t1 1.1154e-03 t0 8.9868e-05 life 8.9868e-05 t0park inf lifepark 1.1154e-03  rbl 1.110 1.071 1.017 0.944 0.849 0.736 0.627 0.533 0.450 0.375 0.304 0.237 0.174 0.126 0.105 0.101 0.100 0.100 0.100
seed    58 vw1 0.8559 vw0 0.1960 L1 0.3283 H0 0.2719 t1 1.1684e-03 t0 5.8981e-05 life 5.8981e-05 t0park 1.8650e-04 lifepark 1.8650e-04  rbl 1.091 1.045 0.982 0.898 0.794 0.687 0.593 0.510 0.435 0.364 0.296 0.231 0.170 0.124 0.105 0.101 0.100 0.100 0.100
seed    59 vw1 0.8588 vw0 0.1983 L1 0.3332 H0 0.284 t1 1.1284e-03 t0 8.8400e-05 life 8.8400e-05 t0park inf lifepark 1.1284e-03  rbl 1.110 1.072 1.019 0.947 0.853 0.741 0.626 0.528 0.443 0.366 0.295 0.227 0.166 0.121 0.104 0.100 0.100 0.100 0.100
seed    60 vw1 0.8727 vw0 0.1916 L1 0.3714 H0 0.3204 t1 8.0736e-04 t0 1.9032e-04 life 1.9032e-04 t0park inf lifepark 8.0736e-04  rbl 1.149 1.126 1.093 1.047 0.983 0.899 0.794 0.679 0.576 0.487 0.409 0.336 0.267 0.202 0.145 0.112 0.102 0.100 0.100
seed    61 vw1 0.8502 vw0 0.1932 L1 0.3028 H0 0.2529 t1 1.3495e-03 t0 3.0614e-05 life 3.0614e-05 t0park 7.7550e-05 lifepark 7.7550e-05  rbl 1.062 1.005 0.928 0.828 0.713 0.603 0.509 0.427 0.352 0.281 0.214 0.154 0.115 0.102 0.100 0.100 0.100 0.100 0.100
seed    62 vw1 0.8116 vw0 0.1966 L1 0.3238 H0 0.2697 t1 1.5841e-03 t0 2.0031e-04 life 2.0031e-04 t0park inf lifepark 1.5841e-03  rbl 1.087 1.040 0.976 0.892 0.787 0.677 0.580 0.496 0.420 0.349 0.281 0.217 0.158 0.118 0.103 0.100 0.100 0.100 0.100
seed    63 vw1 0.8523 vw0 0.1945 L1 0.3393 H0 0.2906 t1 1.1119e-03 t0 1.2024e-04 life 1.2024e-04 t0park inf lifepark 1.1119e-03  rbl 1.120 1.085 1.036 0.969 0.881 0.773 0.655 0.551 0.462 0.383 0.309 0.240 0.176 0.127 0.105 0.101 0.100 0.100 0.100
seed    64 vw1 0.8613 vw0 0.1986 L1 0.3288 H0 0.2745 t1 1.1450e-03 t0 5.8968e-05 life 5.8968e-05 t0park 1.9074e-04 lifepark 1.9074e-04  rbl 1.096 1.052 0.992 0.911 0.809 0.698 0.598 0.512 0.435 0.363 0.295 0.230 0.170 0.124 0.105 0.101 0.100 0.100 0.100
seed    65 vw1 0.8395 vw0 0.1944 L1 0.3477 H0 0.2973 t1 1.1851e-03 t0 2.2307e-04 life 2.2307e-04 t0park inf lifepark 1.1851e-03  rbl 1.128 1.096 1.052 0.990 0.908 0.804 0.688 0.582 0.492 0.412 0.339 0.270 0.204 0.147 0.112 0.102 0.100 0.100 0.100
seed    66 vw1 0.8642 vw0 0.1942 L1 0.3397 H0 0.2896 t1 9.4782e-04 t0 7.0404e-05 life 7.0404e-05 t0park inf lifepark 9.4782e-04  rbl 1.117 1.081 1.032 0.964 0.875 0.767 0.652 0.551 0.464 0.387 0.315 0.246 0.183 0.132 0.107 0.101 0.100 0.100 0.100
seed    67 vw1 0.8227 vw0 0.1936 L1 0.3369 H0 0.2854 t1 1.3725e-03 t0 2.4532e-04 life 2.4532e-04 t0park inf lifepark 1.3725e-03  rbl 1.113 1.075 1.023 0.951 0.858 0.746 0.635 0.540 0.457 0.381 0.310 0.243 0.179 0.129 0.106 0.101 0.100 0.100 0.100
seed    68 vw1 0.8122 vw0 0.1917 L1 0.3434 H0 0.2948 t1 1.3517e-03 t0 4.4157e-04 life 4.4157e-04 t0park inf lifepark 1.3517e-03  rbl 1.127 1.094 1.049 0.985 0.900 0.794 0.675 0.567 0.476 0.396 0.322 0.252 0.187 0.134 0.107 0.101 0.100 0.100 0.100
seed    69 vw1 0.8699 vw0 0.1971 L1 0.367 H0 0.3161 t1 9.0152e-04 t0 2.1472e-04 life 2.1472e-04 t0park inf lifepark 9.0152e-04  rbl 1.145 1.120 1.086 1.037 0.970 0.882 0.774 0.659 0.559 0.473 0.395 0.324 0.256 0.192 0.138 0.109 0.101 0.100 0.100
seed    70 vw1 0.8509 vw0 0.1904 L1 0.3666 H0 0.3147 t1 9.4964e-04 t0 2.5460e-04 life 2.5460e-04 t0park inf lifepark 9.4964e-04  rbl 1.144 1.119 1.083 1.033 0.965 0.876 0.766 0.654 0.556 0.472 0.395 0.324 0.256 0.192 0.138 0.109 0.101 0.100 0.100
seed    71 vw1 0.8701 vw0 0.1935 L1 0.341 H0 0.2885 t1 9.4952e-04 t0 6.9449e-05 life 6.9449e-05 t0park inf lifepark 9.4952e-04  rbl 1.116 1.080 1.029 0.960 0.869 0.760 0.649 0.554 0.470 0.394 0.323 0.255 0.191 0.137 0.109 0.101 0.100 0.100 0.100
seed    72 vw1 0.8587 vw0 0.1892 L1 0.3614 H0 0.314 t1 8.7821e-04 t0 1.7757e-04 life 1.7757e-04 t0park inf lifepark 8.7821e-04  rbl 1.146 1.121 1.086 1.036 0.967 0.877 0.767 0.647 0.541 0.451 0.371 0.298 0.228 0.165 0.120 0.104 0.100 0.100 0.100
seed    73 vw1 0.8222 vw0 0.1869 L1 0.3497 H0 0.2952 t1 1.1939e-03 t0 2.5079e-04 life 2.5079e-04 t0park inf lifepark 1.1939e-03  rbl 1.123 1.090 1.043 0.978 0.893 0.788 0.679 0.583 0.499 0.422 0.351 0.282 0.217 0.157 0.117 0.103 0.100 0.100 0.100
seed    74 vw1 0.8073 vw0 0.1966 L1 0.2827 H0 0.2291 t1 2.1297e-03 t0 3.6953e-05 life 3.6953e-05 t0park 8.5562e-05 lifepark 8.5562e-05  rbl 1.005 0.928 0.829 0.717 0.614 0.525 0.445 0.371 0.301 0.234 0.172 0.125 0.105 0.101 0.100 0.100 0.100 0.100 0.100
seed    75 vw1 0.8359 vw0 0.1947 L1 0.3037 H0 0.2506 t1 1.5102e-03 t0 3.9543e-05 life 3.9543e-05 t0park 9.9977e-05 lifepark 9.9977e-05  rbl 1.055 0.996 0.917 0.816 0.703 0.600 0.512 0.433 0.360 0.292 0.226 0.166 0.122 0.104 0.100 0.100 0.100 0.100 0.100
seed    76 vw1 0.8230 vw0 0.1879 L1 0.3591 H0 0.3073 t1 1.1663e-03 t0 4.8395e-04 life 4.8395e-04 t0park inf lifepark 1.1663e-03  rbl 1.137 1.109 1.069 1.014 0.940 0.844 0.732 0.623 0.530 0.448 0.373 0.303 0.236 0.173 0.126 0.105 0.101 0.100 0.100
seed    77 vw1 0.8062 vw0 0.1955 L1 0.291 H0 0.2346 t1 1.9274e-03 t0 4.1667e-05 life 4.1667e-05 t0park 9.9406e-05 lifepark 9.9406e-05  rbl 1.014 0.941 0.847 0.739 0.638 0.550 0.472 0.399 0.330 0.263 0.200 0.144 0.112 0.102 0.100 0.100 0.100 0.100 0.100
seed    78 vw1 0.8530 vw0 0.1968 L1 0.3333 H0 0.2799 t1 1.1901e-03 t0 9.1571e-05 life 9.1571e-05 t0park inf lifepark 1.1901e-03  rbl 1.103 1.062 1.005 0.929 0.832 0.720 0.616 0.526 0.447 0.373 0.304 0.238 0.176 0.127 0.106 0.101 0.100 0.100 0.100
seed    79 vw1 0.8152 vw0 0.1967 L1 0.3199 H0 0.2698 t1 1.5924e-03 t0 1.6212e-04 life 1.6212e-04 t0park inf lifepark 1.5924e-03  rbl 1.091 1.046 0.983 0.899 0.793 0.676 0.571 0.482 0.403 0.331 0.263 0.198 0.143 0.111 0.102 0.100 0.100 0.100 0.100
seed    80 vw1 0.8537 vw0 0.1981 L1 0.2914 H0 0.2368 t1 1.6565e-03 t0 1.5608e-05 life 1.5608e-05 t0park 3.5416e-05 lifepark 3.5416e-05  rbl 1.020 0.950 0.858 0.749 0.644 0.553 0.472 0.398 0.328 0.261 0.198 0.143 0.111 0.102 0.100 0.100 0.100 0.100 0.100
seed    81 vw1 0.9036 vw0 0.1956 L1 0.3473 H0 0.2933 t1 6.3987e-04 t0 3.5397e-05 life 3.5397e-05 t0park inf lifepark 6.3987e-04  rbl 1.121 1.086 1.038 0.973 0.887 0.780 0.670 0.575 0.491 0.415 0.344 0.276 0.211 0.153 0.115 0.102 0.100 0.100 0.100
seed    82 vw1 0.8451 vw0 0.1979 L1 0.3281 H0 0.2779 t1 1.2696e-03 t0 9.3948e-05 life 9.3948e-05 t0park inf lifepark 1.2696e-03  rbl 1.103 1.061 1.004 0.927 0.828 0.713 0.603 0.510 0.429 0.354 0.285 0.219 0.159 0.118 0.103 0.100 0.100 0.100 0.100
seed    83 vw1 0.8468 vw0 0.1946 L1 0.3625 H0 0.3092 t1 1.0456e-03 t0 2.7431e-04 life 2.7431e-04 t0park inf lifepark 1.0456e-03  rbl 1.139 1.112 1.073 1.019 0.946 0.851 0.739 0.632 0.541 0.460 0.385 0.316 0.249 0.186 0.134 0.108 0.101 0.100 0.100
seed    84 vw1 0.8520 vw0 0.1938 L1 0.3328 H0 0.2816 t1 1.1665e-03 t0 9.1767e-05 life 9.1767e-05 t0park inf lifepark 1.1665e-03  rbl 1.108 1.068 1.013 0.939 0.842 0.729 0.619 0.526 0.444 0.368 0.298 0.231 0.169 0.123 0.104 0.100 0.100 0.100 0.100
seed    85 vw1 0.8261 vw0 0.1926 L1 0.3317 H0 0.2791 t1 1.3578e-03 t0 1.5563e-04 life 1.5563e-04 t0park inf lifepark 1.3578e-03  rbl 1.104 1.063 1.007 0.930 0.831 0.717 0.612 0.521 0.441 0.367 0.298 0.231 0.169 0.123 0.104 0.100 0.100 0.100 0.100
seed    86 vw1 0.8138 vw0 0.1928 L1 0.345 H0 0.2923 t1 1.3769e-03 t0 4.9579e-04 life 4.9579e-04 t0park inf lifepark 1.3769e-03  rbl 1.121 1.086 1.038 0.972 0.884 0.777 0.665 0.568 0.483 0.406 0.335 0.266 0.201 0.145 0.112 0.102 0.100 0.100 0.100
seed    87 vw1 0.8419 vw0 0.1926 L1 0.3371 H0 0.2863 t1 1.1923e-03 t0 1.2822e-04 life 1.2822e-04 t0park inf lifepark 1.1923e-03  rbl 1.113 1.076 1.024 0.953 0.862 0.751 0.638 0.541 0.456 0.380 0.309 0.241 0.178 0.129 0.106 0.101 0.100 0.100 0.100
seed    88 vw1 0.7873 vw0 0.1923 L1 0.3629 H0 0.3094 t1 1.3621e-03 t0 inf life 1.3621e-03 t0park inf lifepark 1.3621e-03  rbl 1.139 1.111 1.072 1.019 0.946 0.852 0.740 0.633 0.542 0.461 0.387 0.318 0.252 0.189 0.137 0.109 0.101 0.100 0.100
seed    89 vw1 0.8395 vw0 0.1936 L1 0.3401 H0 0.2873 t1 1.2411e-03 t0 1.6416e-04 life 1.6416e-04 t0park inf lifepark 1.2411e-03  rbl 1.114 1.077 1.025 0.955 0.864 0.754 0.645 0.550 0.467 0.391 0.320 0.253 0.189 0.136 0.108 0.101 0.100 0.100 0.100
seed    90 vw1 0.8425 vw0 0.1909 L1 0.321 H0 0.2645 t1 1.2353e-03 t0 5.1072e-05 life 5.1072e-05 t0park 1.4854e-04 lifepark 1.4854e-04  rbl 1.078 1.027 0.958 0.867 0.760 0.657 0.567 0.487 0.413 0.344 0.277 0.212 0.154 0.116 0.103 0.100 0.100 0.100 0.100
seed    91 vw1 0.8177 vw0 0.1930 L1 0.3665 H0 0.3202 t1 1.2000e-03 t0 inf life 1.2000e-03 t0park inf lifepark 1.2000e-03  rbl 1.150 1.128 1.095 1.050 0.986 0.902 0.798 0.677 0.563 0.467 0.385 0.310 0.240 0.176 0.127 0.105 0.101 0.100 0.100
seed    92 vw1 0.8180 vw0 0.1900 L1 0.3303 H0 0.2765 t1 1.3615e-03 t0 1.4019e-04 life 1.4019e-04 t0park inf lifepark 1.3615e-03  rbl 1.100 1.057 0.998 0.919 0.818 0.706 0.604 0.517 0.438 0.366 0.297 0.231 0.170 0.124 0.105 0.100 0.100 0.100 0.100
seed    93 vw1 0.8312 vw0 0.1969 L1 0.3405 H0 0.2911 t1 1.2957e-03 t0 2.3708e-04 life 2.3708e-04 t0park inf lifepark 1.2957e-03  rbl 1.121 1.086 1.038 0.971 0.883 0.776 0.658 0.555 0.466 0.388 0.315 0.246 0.182 0.131 0.107 0.101 0.100 0.100 0.100
seed    94 vw1 0.8208 vw0 0.1894 L1 0.3492 H0 0.2995 t1 1.2297e-03 t0 3.4849e-04 life 3.4849e-04 t0park inf lifepark 1.2297e-03  rbl 1.130 1.100 1.056 0.996 0.916 0.814 0.698 0.589 0.497 0.416 0.341 0.271 0.204 0.147 0.112 0.102 0.100 0.100 0.100
seed    95 vw1 0.8485 vw0 0.1938 L1 0.3295 H0 0.2795 t1 1.1628e-03 t0 7.9650e-05 life 7.9650e-05 t0park inf lifepark 1.1628e-03  rbl 1.104 1.064 1.008 0.932 0.834 0.720 0.609 0.515 0.432 0.357 0.287 0.220 0.160 0.119 0.103 0.100 0.100 0.100 0.100
seed    96 vw1 0.8662 vw0 0.1964 L1 0.307 H0 0.2549 t1 1.1637e-03 t0 2.3305e-05 life 2.3305e-05 t0park 5.8285e-05 lifepark 5.8285e-05  rbl 1.063 1.007 0.931 0.833 0.721 0.614 0.523 0.442 0.367 0.297 0.230 0.168 0.122 0.104 0.100 0.100 0.100 0.100 0.100
seed    97 vw1 0.8737 vw0 0.2000 L1 0.3352 H0 0.2825 t1 1.0070e-03 t0 5.9012e-05 life 5.9012e-05 t0park 2.6720e-04 lifepark 2.6720e-04  rbl 1.107 1.067 1.013 0.940 0.844 0.732 0.625 0.533 0.452 0.379 0.309 0.243 0.181 0.131 0.107 0.101 0.100 0.100 0.100
seed    98 vw1 0.8603 vw0 0.1981 L1 0.3223 H0 0.2713 t1 1.1905e-03 t0 5.4475e-05 life 5.4475e-05 t0park 1.6768e-04 lifepark 1.6768e-04  rbl 1.094 1.048 0.986 0.903 0.799 0.683 0.579 0.490 0.412 0.339 0.271 0.206 0.148 0.113 0.102 0.100 0.100 0.100 0.100
seed    99 vw1 0.9045 vw0 0.1935 L1 0.3512 H0 0.3032 t1 5.5761e-04 t0 3.8995e-05 life 3.8995e-05 t0park inf lifepark 5.5761e-04  rbl 1.133 1.103 1.062 1.004 0.927 0.830 0.715 0.601 0.504 0.420 0.344 0.273 0.206 0.148 0.113 0.102 0.100 0.100 0.100
seed   100 vw1 0.8463 vw0 0.1911 L1 0.3235 H0 0.2711 t1 1.1734e-03 t0 5.6741e-05 life 5.6741e-05 t0park 1.8147e-04 lifepark 1.8147e-04  rbl 1.092 1.047 0.984 0.901 0.796 0.682 0.582 0.495 0.417 0.344 0.275 0.210 0.152 0.114 0.102 0.100 0.100 0.100 0.100
seed   101 vw1 0.8594 vw0 0.1914 L1 0.3593 H0 0.3085 t1 9.3873e-04 t0 1.7078e-04 life 1.7078e-04 t0park inf lifepark 9.3873e-04  rbl 1.138 1.111 1.072 1.018 0.945 0.850 0.738 0.626 0.531 0.448 0.372 0.301 0.234 0.171 0.124 0.105 0.101 0.100 0.100
seed   102 vw1 0.8393 vw0 0.1963 L1 0.3122 H0 0.2604 t1 1.4375e-03 t0 6.0053e-05 life 6.0053e-05 t0park 1.6581e-04 lifepark 1.6581e-04  rbl 1.074 1.022 0.951 0.858 0.746 0.635 0.540 0.457 0.382 0.311 0.244 0.181 0.130 0.106 0.101 0.100 0.100 0.100 0.100
seed   103 vw1 0.8194 vw0 0.1958 L1 0.3259 H0 0.2746 t1 1.4925e-03 t0 1.9572e-04 life 1.9572e-04 t0park inf lifepark 1.4925e-03  rbl 1.097 1.054 0.994 0.914 0.813 0.698 0.593 0.503 0.423 0.350 0.280 0.214 0.155 0.116 0.103 0.100 0.100 0.100 0.100
seed   104 vw1 0.8654 vw0 0.1939 L1 0.3498 H0 0.3018 t1 9.1062e-04 t0 1.0966e-04 life 1.0966e-04 t0park inf lifepark 9.1062e-04  rbl 1.133 1.103 1.061 1.003 0.924 0.824 0.708 0.595 0.499 0.416 0.340 0.269 0.202 0.145 0.111 0.102 0.100 0.100 0.100
seed   105 vw1 0.8293 vw0 0.1953 L1 0.3224 H0 0.2729 t1 1.3908e-03 t0 1.1115e-04 life 1.1115e-04 t0park 4.5211e-04 lifepark 4.5211e-04  rbl 1.096 1.051 0.990 0.909 0.807 0.690 0.582 0.490 0.409 0.335 0.265 0.198 0.142 0.110 0.102 0.100 0.100 0.100 0.100
seed   106 vw1 0.8579 vw0 0.1911 L1 0.3421 H0 0.2926 t1 1.0363e-03 t0 1.0799e-04 life 1.0799e-04 t0park inf lifepark 1.0363e-03  rbl 1.124 1.090 1.043 0.977 0.890 0.783 0.665 0.561 0.472 0.393 0.320 0.250 0.185 0.133 0.107 0.101 0.100 0.100 0.100
seed   107 vw1 0.8230 vw0 0.1893 L1 0.3386 H0 0.2891 t1 1.2557e-03 t0 1.8602e-04 life 1.8602e-04 t0park inf lifepark 1.2557e-03  rbl 1.120 1.085 1.035 0.967 0.877 0.766 0.649 0.547 0.460 0.383 0.310 0.242 0.179 0.129 0.106 0.101 0.100 0.100 0.100
seed   108 vw1 0.8007 vw0 0.1936 L1 0.3123 H0 0.2631 t1 1.6900e-03 t0 1.8830e-04 life 1.8830e-04 t0park inf lifepark 1.6900e-03  rbl 1.080 1.029 0.960 0.870 0.761 0.645 0.543 0.456 0.377 0.304 0.235 0.172 0.125 0.105 0.101 0.100 0.100 0.100 0.100
seed   109 vw1 0.8476 vw0 0.1960 L1 0.3327 H0 0.281 t1 1.2327e-03 t0 1.0524e-04 life 1.0524e-04 t0park inf lifepark 1.2327e-03  rbl 1.107 1.067 1.012 0.936 0.840 0.726 0.618 0.525 0.444 0.369 0.299 0.233 0.171 0.124 0.105 0.101 0.100 0.100 0.100
seed   110 vw1 0.8099 vw0 0.1957 L1 0.3187 H0 0.2671 t1 1.6063e-03 t0 1.6794e-04 life 1.6794e-04 t0park inf lifepark 1.6063e-03  rbl 1.086 1.038 0.972 0.885 0.778 0.664 0.564 0.478 0.401 0.329 0.260 0.195 0.140 0.110 0.101 0.100 0.100 0.100 0.100
seed   111 vw1 0.8517 vw0 0.1952 L1 0.3441 H0 0.2954 t1 1.0932e-03 t0 1.3930e-04 life 1.3930e-04 t0park inf lifepark 1.0932e-03  rbl 1.126 1.094 1.049 0.986 0.902 0.797 0.678 0.570 0.478 0.398 0.325 0.256 0.192 0.138 0.109 0.101 0.100 0.100 0.100
seed   112 vw1 0.8296 vw0 0.1917 L1 0.3234 H0 0.2729 t1 1.3328e-03 t0 9.5671e-05 life 9.5671e-05 t0park 3.6255e-04 lifepark 3.6255e-04  rbl 1.097 1.053 0.992 0.910 0.807 0.690 0.584 0.494 0.414 0.340 0.271 0.205 0.147 0.112 0.102 0.100 0.100 0.100 0.100
seed   113 vw1 0.8651 vw0 0.1968 L1 0.3528 H0 0.3014 t1 9.6288e-04 t0 1.2759e-04 life 1.2759e-04 t0park inf lifepark 9.6288e-04  rbl 1.131 1.100 1.058 0.999 0.920 0.820 0.706 0.600 0.509 0.429 0.355 0.286 0.220 0.160 0.118 0.103 0.100 0.100 0.100
seed   114 vw1 0.8339 vw0 0.1956 L1 0.338 H0 0.2839 t1 1.2852e-03 t0 1.6659e-04 life 1.6659e-04 t0park inf lifepark 1.2852e-03  rbl 1.109 1.070 1.016 0.943 0.848 0.737 0.632 0.542 0.461 0.388 0.318 0.251 0.188 0.135 0.108 0.101 0.100 0.100 0.100
seed   115 vw1 0.8448 vw0 0.1922 L1 0.3802 H0 0.3326 t1 9.5857e-04 t0 inf life 9.5857e-04 t0park inf lifepark 9.5857e-04  rbl 1.158 1.139 1.112 1.073 1.018 0.944 0.850 0.736 0.618 0.518 0.432 0.355 0.284 0.216 0.156 0.116 0.103 0.100 0.100
seed   116 vw1 0.8444 vw0 0.1897 L1 0.3551 H0 0.3023 t1 1.0288e-03 t0 1.7809e-04 life 1.7809e-04 t0park inf lifepark 1.0288e-03  rbl 1.132 1.102 1.060 1.001 0.923 0.823 0.709 0.606 0.516 0.437 0.363 0.294 0.228 0.166 0.122 0.104 0.100 0.100 0.100
seed   117 vw1 0.8416 vw0 0.1953 L1 0.3242 H0 0.2741 t1 1.2669e-03 t0 7.9120e-05 life 7.9120e-05 t0park 2.7898e-04 lifepark 2.7898e-04  rbl 1.097 1.054 0.994 0.913 0.812 0.696 0.588 0.497 0.417 0.343 0.273 0.208 0.150 0.114 0.102 0.100 0.100 0.100 0.100
seed   118 vw1 0.8298 vw0 0.1989 L1 0.3557 H0 0.3023 t1 1.2823e-03 t0 6.2084e-04 life 6.2084e-04 t0park inf lifepark 1.2823e-03  rbl 1.131 1.100 1.058 0.999 0.921 0.822 0.709 0.606 0.518 0.439 0.366 0.298 0.232 0.171 0.125 0.105 0.101 0.100 0.100
seed   119 vw1 0.8654 vw0 0.1975 L1 0.3264 H0 0.2707 t1 1.0959e-03 t0 4.3569e-05 life 4.3569e-05 t0park 1.3084e-04 lifepark 1.3084e-04  rbl 1.088 1.042 0.979 0.894 0.790 0.681 0.587 0.504 0.429 0.359 0.292 0.228 0.169 0.124 0.105 0.101 0.100 0.100 0.100
seed   120 vw1 0.8730 vw0 0.1919 L1 0.3264 H0 0.2781 t1 9.1057e-04 t0 3.9378e-05 life 3.9378e-05 t0park 1.3907e-04 lifepark 1.3907e-04  rbl 1.104 1.063 1.006 0.928 0.830 0.714 0.601 0.505 0.421 0.345 0.273 0.206 0.147 0.112 0.102 0.100 0.100 0.100 0.100
seed   121 vw1 0.8492 vw0 0.1938 L1 0.3759 H0 0.3274 t1 9.7320e-04 t0 inf life 9.7320e-04 t0park inf lifepark 9.7320e-04  rbl 1.155 1.134 1.104 1.063 1.004 0.926 0.827 0.711 0.598 0.503 0.420 0.346 0.276 0.210 0.151 0.114 0.102 0.100 0.100
seed   122 vw1 0.8910 vw0 0.1945 L1 0.3165 H0 0.2655 t1 8.1660e-04 t0 1.7756e-05 life 1.7756e-05 t0park 4.7867e-05 lifepark 4.7867e-05  rbl 1.083 1.034 0.967 0.879 0.771 0.657 0.557 0.471 0.393 0.320 0.252 0.187 0.135 0.108 0.101 0.100 0.100 0.100 0.100
seed   123 vw1 0.8851 vw0 0.1949 L1 0.3216 H0 0.2701 t1 8.4218e-04 t0 2.2816e-05 life 2.2816e-05 t0park 6.6258e-05 lifepark 6.6258e-05  rbl 1.090 1.044 0.981 0.897 0.792 0.678 0.576 0.488 0.410 0.337 0.269 0.204 0.147 0.113 0.102 0.100 0.100 0.100 0.100
seed   124 vw1 0.8467 vw0 0.1935 L1 0.3544 H0 0.3012 t1 1.0794e-03 t0 1.9465e-04 life 1.9465e-04 t0park inf lifepark 1.0794e-03  rbl 1.131 1.101 1.058 0.999 0.919 0.818 0.705 0.602 0.514 0.435 0.362 0.293 0.227 0.166 0.122 0.104 0.100 0.100 0.100
seed   125 vw1 0.7993 vw0 0.1889 L1 0.3386 H0 0.2867 t1 1.4251e-03 t0 3.7554e-04 life 3.7554e-04 t0park inf lifepark 1.4251e-03  rbl 1.114 1.077 1.026 0.955 0.863 0.752 0.641 0.545 0.462 0.386 0.316 0.248 0.185 0.133 0.107 0.101 0.100 0.100 0.100
seed   126 vw1 0.8150 vw0 0.1921 L1 0.3685 H0 0.3182 t1 1.1953e-03 t0 inf life 1.1953e-03 t0park inf lifepark 1.1953e-03  rbl 1.148 1.125 1.091 1.043 0.978 0.892 0.785 0.668 0.565 0.477 0.399 0.326 0.258 0.193 0.139 0.109 0.101 0.100 0.100
seed   127 vw1 0.8568 vw0 0.1958 L1 0.3523 H0 0.3018 t1 1.0289e-03 t0 1.6894e-04 life 1.6894e-04 t0park inf lifepark 1.0289e-03  rbl 1.132 1.102 1.060 1.001 0.922 0.823 0.708 0.600 0.507 0.426 0.351 0.281 0.214 0.154 0.115 0.102 0.100 0.100 0.100
seed   128 vw1 0.8293 vw0 0.1899 L1 0.3252 H0 0.2715 t1 1.3416e-03 t0 9.4393e-05 life 9.4393e-05 t0park 3.5139e-04 lifepark 3.5139e-04  rbl 1.092 1.047 0.984 0.901 0.796 0.684 0.586 0.501 0.423 0.352 0.284 0.218 0.159 0.118 0.103 0.100 0.100 0.100 0.100
seed   129 vw1 0.8065 vw0 0.1915 L1 0.3323 H0 0.2778 t1 1.4809e-03 t0 2.6056e-04 life 2.6056e-04 t0park inf lifepark 1.4809e-03  rbl 1.101 1.059 1.001 0.923 0.823 0.711 0.610 0.523 0.445 0.372 0.303 0.237 0.175 0.127 0.105 0.101 0.100 0.100 0.100
seed   130 vw1 0.8595 vw0 0.1923 L1 0.3325 H0 0.2746 t1 1.0668e-03 t0 5.3194e-05 life 5.3194e-05 t0park 1.7145e-04 lifepark 1.7145e-04  rbl 1.094 1.049 0.987 0.905 0.804 0.698 0.605 0.523 0.447 0.377 0.309 0.244 0.182 0.132 0.107 0.101 0.100 0.100 0.100
seed   131 vw1 0.8300 vw0 0.1928 L1 0.3665 H0 0.3153 t1 1.1289e-03 t0 inf life 1.1289e-03 t0park inf lifepark 1.1289e-03  rbl 1.144 1.119 1.084 1.035 0.967 0.878 0.770 0.656 0.556 0.471 0.394 0.322 0.254 0.190 0.137 0.109 0.101 0.100 0.100
seed   132 vw1 0.7833 vw0 0.1888 L1 0.3311 H0 0.2765 t1 1.5970e-03 t0 5.2042e-04 life 5.2042e-04 t0park inf lifepark 1.5970e-03  rbl 1.099 1.056 0.997 0.918 0.817 0.706 0.606 0.519 0.441 0.369 0.300 0.235 0.173 0.126 0.105 0.101 0.100 0.100 0.100
seed   133 vw1 0.8923 vw0 0.1959 L1 0.3546 H0 0.3069 t1 7.0103e-04 t0 7.0474e-05 life 7.0474e-05 t0park inf lifepark 7.0103e-04  rbl 1.138 1.110 1.071 1.016 0.942 0.846 0.732 0.615 0.516 0.430 0.353 0.282 0.214 0.154 0.115 0.102 0.100 0.100 0.100
seed   134 vw1 0.8435 vw0 0.1922 L1 0.3433 H0 0.2929 t1 1.1447e-03 t0 1.5493e-04 life 1.5493e-04 t0park inf lifepark 1.1447e-03  rbl 1.123 1.090 1.042 0.977 0.891 0.783 0.667 0.564 0.477 0.398 0.325 0.257 0.192 0.137 0.109 0.101 0.100 0.100 0.100
seed   135 vw1 0.7930 vw0 0.1980 L1 0.3114 H0 0.2595 t1 1.7954e-03 t0 2.1273e-04 life 2.1273e-04 t0park inf lifepark 1.7954e-03  rbl 1.070 1.017 0.945 0.852 0.742 0.632 0.538 0.455 0.380 0.309 0.242 0.179 0.130 0.106 0.101 0.100 0.100 0.100 0.100
seed   136 vw1 0.8961 vw0 0.1950 L1 0.3026 H0 0.2501 t1 7.8769e-04 t0 7.8671e-06 life 7.8671e-06 t0park 1.8914e-05 lifepark 1.8914e-05  rbl 1.053 0.994 0.914 0.813 0.700 0.597 0.508 0.429 0.356 0.286 0.220 0.160 0.118 0.103 0.100 0.100 0.100 0.100 0.100
seed   137 vw1 0.8787 vw0 0.1994 L1 0.3184 H0 0.2682 t1 1.0703e-03 t0 3.4380e-05 life 3.4380e-05 t0park 9.6883e-05 lifepark 9.6883e-05  rbl 1.089 1.042 0.978 0.892 0.785 0.668 0.565 0.477 0.398 0.326 0.258 0.193 0.139 0.109 0.101 0.100 0.100 0.100 0.100
seed   138 vw1 0.8664 vw0 0.2018 L1 0.2947 H0 0.2466 t1 1.5530e-03 t0 1.9563e-05 life 1.9563e-05 t0park 4.5861e-05 lifepark 4.5861e-05  rbl 1.050 0.988 0.905 0.802 0.684 0.573 0.480 0.398 0.323 0.253 0.187 0.134 0.107 0.101 0.100 0.100 0.100 0.100 0.100
seed   139 vw1 0.8699 vw0 0.1984 L1 0.3183 H0 0.2681 t1 1.1029e-03 t0 3.9490e-05 life 3.9490e-05 t0park 1.1337e-04 lifepark 1.1337e-04  rbl 1.089 1.042 0.978 0.892 0.785 0.668 0.565 0.476 0.397 0.324 0.255 0.190 0.136 0.108 0.101 0.100 0.100 0.100 0.100
seed   140 vw1 0.8284 vw0 0.1914 L1 0.332 H0 0.2799 t1 1.3261e-03 t0 1.4037e-04 life 1.4037e-04 t0park inf lifepark 1.3261e-03  rbl 1.106 1.065 1.009 0.933 0.835 0.721 0.614 0.523 0.442 0.368 0.298 0.232 0.171 0.124 0.105 0.101 0.100 0.100 0.100
seed   141 vw1 0.8661 vw0 0.1929 L1 0.3593 H0 0.3053 t1 9.4123e-04 t0 1.5116e-04 life 1.5116e-04 t0park inf lifepark 9.4123e-04  rbl 1.135 1.106 1.065 1.008 0.932 0.834 0.722 0.619 0.529 0.450 0.377 0.307 0.241 0.178 0.129 0.106 0.101 0.100 0.100
seed   142 vw1 0.8714 vw0 0.1954 L1 0.3441 H0 0.2929 t1 9.0727e-04 t0 7.2153e-05 life 7.2153e-05 t0park inf lifepark 9.0727e-04  rbl 1.121 1.087 1.040 0.975 0.889 0.782 0.667 0.566 0.480 0.402 0.330 0.262 0.198 0.143 0.111 0.102 0.100 0.100 0.100
seed   143 vw1 0.8308 vw0 0.1930 L1 0.3072 H0 0.2556 t1 1.4680e-03 t0 5.0288e-05 life 5.0288e-05 t0park 1.3392e-04 lifepark 1.3392e-04  rbl 1.065 1.009 0.934 0.837 0.724 0.616 0.523 0.442 0.367 0.296 0.229 0.168 0.122 0.104 0.100 0.100 0.100 0.100 0.100
seed   144 vw1 0.8012 vw0 0.1909 L1 0.3279 H0 0.2753 t1 1.5084e-03 t0 2.2712e-04 life 2.2712e-04 t0park inf lifepark 1.5084e-03  rbl 1.098 1.055 0.996 0.916 0.814 0.701 0.598 0.509 0.430 0.357 0.287 0.221 0.161 0.119 0.103 0.100 0.100 0.100 0.100
seed   145 vw1 0.8516 vw0 0.1949 L1 0.3306 H0 0.2774 t1 1.2008e-03 t0 8.2078e-05 life 8.2078e-05 t0park inf lifepark 1.2008e-03  rbl 1.102 1.060 1.002 0.924 0.824 0.710 0.606 0.518 0.439 0.366 0.297 0.231 0.170 0.124 0.104 0.100 0.100 0.100 0.100
seed   146 vw1 0.8509 vw0 0.1939 L1 0.3242 H0 0.2707 t1 1.2418e-03 t0 6.3300e-05 life 6.3300e-05 t0park 2.0330e-04 lifepark 2.0330e-04  rbl 1.091 1.045 0.982 0.899 0.793 0.681 0.582 0.497 0.421 0.349 0.282 0.217 0.159 0.118 0.103 0.100 0.100 0.100 0.100
seed   147 vw1 0.8429 vw0 0.1910 L1 0.3375 H0 0.2889 t1 1.1352e-03 t0 1.1997e-04 life 1.1997e-04 t0park inf lifepark 1.1352e-03  rbl 1.120 1.084 1.034 0.966 0.876 0.766 0.647 0.544 0.456 0.377 0.304 0.235 0.172 0.124 0.105 0.101 0.100 0.100 0.100
seed   148 vw1 0.8034 vw0 0.1955 L1 0.3472 H0 0.2936 t1 1.4535e-03 t0 inf life 1.4535e-03 t0park inf lifepark 1.4535e-03  rbl 1.121 1.087 1.040 0.975 0.889 0.783 0.672 0.575 0.490 0.414 0.343 0.275 0.210 0.152 0.115 0.102 0.100 0.100 0.100
seed   149 vw1 0.8241 vw0 0.1901 L1 0.386 H0 0.3345 t1 1.0514e-03 t0 inf life 1.0514e-03 t0park inf lifepark 1.0514e-03  rbl 1.159 1.140 1.113 1.074 1.021 0.948 0.854 0.742 0.631 0.536 0.454 0.379 0.308 0.241 0.179 0.130 0.106 0.101 0.100
seed   150 vw1 0.8458 vw0 0.2003 L1 0.3182 H0 0.2644 t1 1.4135e-03 t0 7.3415e-05 life 7.3415e-05 t0park 2.1808e-04 lifepark 2.1808e-04  rbl 1.079 1.029 0.961 0.871 0.763 0.654 0.560 0.478 0.403 0.332 0.265 0.201 0.145 0.112 0.102 0.100 0.100 0.100 0.100
seed   151 vw1 0.8752 vw0 0.1983 L1 0.3312 H0 0.2797 t1 9.9070e-04 t0 5.0532e-05 life 5.0532e-05 t0park 1.9499e-04 lifepark 1.9499e-04  rbl 1.106 1.065 1.009 0.933 0.835 0.720 0.612 0.520 0.439 0.365 0.296 0.229 0.168 0.122 0.104 0.100 0.100 0.100 0.100
seed   152 vw1 0.8618 vw0 0.2032 L1 0.2944 H0 0.2417 t1 1.5639e-03 t0 1.6756e-05 life 1.6756e-05 t0park 3.8415e-05 lifepark 3.8415e-05  rbl 1.036 0.970 0.883 0.775 0.663 0.566 0.481 0.405 0.333 0.265 0.201 0.145 0.111 0.102 0.100 0.100 0.100 0.100 0.100
seed   153 vw1 0.8206 vw0 0.1900 L1 0.3514 H0 0.2986 t1 1.2408e-03 t0 3.5897e-04 life 3.5897e-04 t0park inf lifepark 1.2408e-03  rbl 1.128 1.096 1.052 0.991 0.910 0.807 0.694 0.592 0.504 0.426 0.353 0.285 0.219 0.159 0.118 0.103 0.100 0.100 0.100
seed   154 vw1 0.8324 vw0 0.1962 L1 0.3319 H0 0.2808 t1 1.3627e-03 t0 1.6268e-04 life 1.6268e-04 t0park inf lifepark 1.3627e-03  rbl 1.106 1.066 1.010 0.935 0.839 0.725 0.616 0.523 0.441 0.366 0.295 0.228 0.167 0.122 0.104 0.100 0.100 0.100 0.100
seed   155 vw1 0.8573 vw0 0.1899 L1 0.32 H0 0.2696 t1 1.0435e-03 t0 3.7751e-05 life 3.7751e-05 t0park 1.1316e-04 lifepark 1.1316e-04  rbl 1.091 1.045 0.981 0.897 0.791 0.675 0.571 0.482 0.403 0.329 0.260 0.194 0.139 0.109 0.101 0.100 0.100 0.100 0.100
seed   156 vw1 0.8580 vw0 0.1933 L1 0.3205 H0 0.2682 t1 1.1072e-03 t0 4.1835e-05 life 4.1835e-05 t0park 1.2408e-04 lifepark 1.2408e-04  rbl 1.088 1.041 0.976 0.890 0.783 0.669 0.570 0.485 0.407 0.335 0.267 0.202 0.145 0.111 0.102 0.100 0.100 0.100 0.100
seed   157 vw1 0.8291 vw0 0.1917 L1 0.3684 H0 0.3165 t1 1.1066e-03 t0 inf life 1.1066e-03 t0park inf lifepark 1.1066e-03  rbl 1.146 1.121 1.086 1.037 0.970 0.882 0.774 0.661 0.563 0.477 0.400 0.328 0.260 0.195 0.140 0.110 0.101 0.100 0.100
seed   158 vw1 0.8710 vw0 0.1954 L1 0.3616 H0 0.3112 t1 8.9299e-04 t0 1.6045e-04 life 1.6045e-04 t0park inf lifepark 8.9299e-04  rbl 1.141 1.115 1.078 1.026 0.955 0.863 0.751 0.637 0.539 0.455 0.379 0.308 0.240 0.177 0.128 0.106 0.101 0.100 0.100
seed   159 vw1 0.7973 vw0 0.1950 L1 0.3199 H0 0.2666 t1 1.6990e-03 t0 2.7032e-04 life 2.7032e-04 t0park inf lifepark 1.6990e-03  rbl 1.083 1.035 0.969 0.882 0.774 0.663 0.567 0.483 0.407 0.336 0.269 0.205 0.148 0.113 0.102 0.100 0.100 0.100 0.100
seed   160 vw1 0.8408 vw0 0.2000 L1 0.3065 H0 0.2558 t1 1.5607e-03 t0 5.6673e-05 life 5.6673e-05 t0park 1.4980e-04 lifepark 1.4980e-04  rbl 1.066 1.011 0.937 0.840 0.726 0.615 0.521 0.439 0.365 0.295 0.228 0.167 0.122 0.104 0.100 0.100 0.100 0.100 0.100
seed   161 vw1 0.8536 vw0 0.1935 L1 0.3323 H0 0.2804 t1 1.1152e-03 t0 7.3676e-05 life 7.3676e-05 t0park inf lifepark 1.1152e-03  rbl 1.105 1.065 1.009 0.934 0.836 0.723 0.616 0.524 0.443 0.368 0.298 0.232 0.170 0.124 0.105 0.101 0.100 0.100 0.100
seed   162 vw1 0.8961 vw0 0.1980 L1 0.3492 H0 0.2988 t1 7.1323e-04 t0 5.2787e-05 life 5.2787e-05 t0park inf lifepark 7.1323e-04  rbl 1.129 1.098 1.054 0.993 0.913 0.811 0.695 0.588 0.497 0.417 0.343 0.274 0.209 0.151 0.114 0.102 0.100 0.100 0.100
seed   163 vw1 0.8369 vw0 0.1981 L1 0.3068 H0 0.2545 t1 1.5159e-03 t0 5.3636e-05 life 5.3636e-05 t0park 1.4094e-04 lifepark 1.4094e-04  rbl 1.065 1.008 0.932 0.833 0.719 0.613 0.522 0.441 0.367 0.297 0.230 0.167 0.122 0.104 0.100 0.100 0.100 0.100 0.100
seed   164 vw1 0.8765 vw0 0.2009 L1 0.322 H0 0.272 t1 9.9152e-04 t0 3.4960e-05 life 3.4960e-05 t0park 1.0486e-04 lifepark 1.0486e-04  rbl 1.095 1.051 0.989 0.907 0.803 0.686 0.580 0.489 0.410 0.336 0.267 0.202 0.145 0.111 0.102 0.100 0.100 0.100 0.100
seed   165 vw1 0.8443 vw0 0.1929 L1 0.3609 H0 0.3144 t1 1.0458e-03 t0 3.5070e-04 life 3.5070e-04 t0park inf lifepark 1.0458e-03  rbl 1.145 1.121 1.085 1.036 0.967 0.879 0.770 0.648 0.540 0.448 0.368 0.294 0.225 0.163 0.119 0.103 0.100 0.100 0.100
seed   166 vw1 0.8257 vw0 0.1950 L1 0.3515 H0 0.2956 t1 1.2829e-03 t0 3.4246e-04 life 3.4246e-04 t0park inf lifepark 1.2829e-03  rbl 1.122 1.088 1.041 0.977 0.893 0.789 0.681 0.587 0.505 0.429 0.359 0.292 0.228 0.168 0.124 0.105 0.101 0.100 0.100
seed   167 vw1 0.8324 vw0 0.2005 L1 0.2914 H0 0.2386 t1 1.8329e-03 t0 3.3722e-05 life 3.3722e-05 t0park 7.8584e-05 lifepark 7.8584e-05  rbl 1.028 0.959 0.869 0.760 0.650 0.555 0.471 0.395 0.324 0.256 0.192 0.138 0.109 0.101 0.100 0.100 0.100 0.100 0.100
seed   168 vw1 0.8636 vw0 0.1925 L1 0.3691 H0 0.3181 t1 8.6754e-04 t0 2.1270e-04 life 2.1270e-04 t0park inf lifepark 8.6754e-04  rbl 1.147 1.123 1.089 1.042 0.976 0.890 0.783 0.668 0.567 0.479 0.401 0.329 0.261 0.196 0.141 0.110 0.101 0.100 0.100
seed   169 vw1 0.7898 vw0 0.1907 L1 0.375 H0 0.3275 t1 1.2521e-03 t0 inf life 1.2521e-03 t0park inf lifepark 1.2521e-03  rbl 1.155 1.135 1.105 1.064 1.006 0.928 0.829 0.712 0.597 0.500 0.416 0.341 0.270 0.204 0.147 0.112 0.102 0.100 0.100
seed   170 vw1 0.8260 vw0 0.1911 L1 0.3477 H0 0.2901 t1 1.2320e-03 t0 2.1152e-04 life 2.1152e-04 t0park inf lifepark 1.2320e-03  rbl 1.115 1.078 1.027 0.958 0.867 0.761 0.660 0.572 0.493 0.419 0.350 0.284 0.220 0.161 0.119 0.103 0.100 0.100 0.100
seed   171 vw1 0.8251 vw0 0.1939 L1 0.339 H0 0.2893 t1 1.3369e-03 t0 2.4230e-04 life 2.4230e-04 t0park inf lifepark 1.3369e-03  rbl 1.118 1.083 1.033 0.965 0.876 0.767 0.650 0.549 0.462 0.384 0.312 0.244 0.181 0.130 0.106 0.101 0.100 0.100 0.100
seed   172 vw1 0.8245 vw0 0.1977 L1 0.3499 H0 0.2992 t1 1.3086e-03 t0 4.6384e-04 life 4.6384e-04 t0park inf lifepark 1.3086e-03  rbl 1.129 1.098 1.054 0.994 0.914 0.812 0.696 0.590 0.500 0.420 0.346 0.277 0.212 0.153 0.115 0.102 0.100 0.100 0.100
seed   173 vw1 0.8041 vw0 0.1897 L1 0.3354 H0 0.2842 t1 1.4341e-03 t0 3.1693e-04 life 3.1693e-04 t0park inf lifepark 1.4341e-03  rbl 1.111 1.073 1.020 0.948 0.854 0.741 0.630 0.534 0.451 0.376 0.305 0.238 0.175 0.127 0.105 0.101 0.100 0.100 0.100
seed   174 vw1 0.8831 vw0 0.2000 L1 0.3134 H0 0.2618 t1 9.7967e-04 t0 2.1506e-05 life 2.1506e-05 t0park 5.5025e-05 lifepark 5.5025e-05  rbl 1.075 1.023 0.954 0.863 0.753 0.641 0.545 0.461 0.385 0.314 0.247 0.184 0.132 0.107 0.101 0.100 0.100 0.100 0.100
seed   175 vw1 0.8451 vw0 0.1955 L1 0.3107 H0 0.2592 t1 1.3881e-03 t0 4.7205e-05 life 4.7205e-05 t0park 1.2662e-04 lifepark 1.2662e-04  rbl 1.072 1.019 0.947 0.853 0.741 0.630 0.535 0.453 0.378 0.308 0.241 0.178 0.129 0.106 0.101 0.100 0.100 0.100 0.100
seed   176 vw1 0.8266 vw0 0.1903 L1 0.3537 H0 0.2973 t1 1.1884e-03 t0 2.5790e-04 life 2.5790e-04 t0park inf lifepark 1.1884e-03  rbl 1.126 1.093 1.047 0.984 0.900 0.796 0.689 0.594 0.511 0.436 0.365 0.298 0.233 0.172 0.126 0.105 0.101 0.100 0.100
seed   177 vw1 0.8317 vw0 0.1938 L1 0.3092 H0 0.2559 t1 1.4829e-03 t0 5.3030e-05 life 5.3030e-05 t0park 1.4178e-04 lifepark 1.4178e-04  rbl 1.064 1.009 0.934 0.837 0.725 0.620 0.529 0.449 0.376 0.306 0.240 0.178 0.129 0.106 0.101 0.100 0.100 0.100 0.100
seed   178 vw1 0.8544 vw0 0.1988 L1 0.3239 H0 0.2712 t1 1.2424e-03 t0 6.5415e-05 life 6.5415e-05 t0park 2.1133e-04 lifepark 2.1133e-04  rbl 1.091 1.046 0.983 0.900 0.796 0.683 0.583 0.496 0.419 0.347 0.278 0.213 0.155 0.116 0.103 0.100 0.100 0.100 0.100
seed   179 vw1 0.8074 vw0 0.1888 L1 0.3548 H0 0.3055 t1 1.2936e-03 t0 inf life 1.2936e-03 t0park inf lifepark 1.2936e-03  rbl 1.136 1.108 1.068 1.012 0.936 0.840 0.725 0.612 0.516 0.433 0.357 0.286 0.219 0.158 0.117 0.103 0.100 0.100 0.100
seed   180 vw1 0.8334 vw0 0.1976 L1 0.3002 H0 0.2481 t1 1.6146e-03 t0 4.1904e-05 life 4.1904e-05 t0park 1.0484e-04 lifepark 1.0484e-04  rbl 1.051 0.991 0.909 0.806 0.691 0.588 0.500 0.422 0.350 0.281 0.216 0.157 0.117 0.103 0.100 0.100 0.100 0.100 0.100
seed   181 vw1 0.8376 vw0 0.1926 L1 0.3207 H0 0.2719 t1 1.3242e-03 t0 8.6194e-05 life 8.6194e-05 t0park 3.0865e-04 lifepark 3.0865e-04  rbl 1.096 1.052 0.990 0.908 0.804 0.685 0.576 0.484 0.403 0.329 0.259 0.193 0.138 0.109 0.101 0.100 0.100 0.100 0.100
seed   182 vw1 0.8238 vw0 0.1918 L1 0.3333 H0 0.28 t1 1.3743e-03 t0 1.7886e-04 life 1.7886e-04 t0park inf lifepark 1.3743e-03  rbl 1.104 1.063 1.006 0.930 0.833 0.721 0.616 0.526 0.447 0.373 0.304 0.237 0.175 0.127 0.105 0.101 0.100 0.100 0.100
seed   183 vw1 0.8606 vw0 0.1963 L1 0.3102 H0 0.2567 t1 1.2017e-03 t0 2.7960e-05 life 2.7960e-05 t0park 7.1125e-05 lifepark 7.1125e-05  rbl 1.067 1.012 0.937 0.841 0.728 0.623 0.533 0.453 0.379 0.309 0.243 0.180 0.130 0.106 0.101 0.100 0.100 0.100 0.100
seed   184 vw1 0.8620 vw0 0.1947 L1 0.3324 H0 0.2815 t1 1.0169e-03 t0 5.9532e-05 life 5.9532e-05 t0park 2.7077e-04 lifepark 2.7077e-04  rbl 1.108 1.068 1.013 0.939 0.842 0.728 0.618 0.524 0.442 0.367 0.296 0.229 0.167 0.122 0.104 0.100 0.100 0.100 0.100
seed   185 vw1 0.8600 vw0 0.1988 L1 0.3356 H0 0.2857 t1 1.1411e-03 t0 1.0286e-04 life 1.0286e-04 t0park inf lifepark 1.1411e-03  rbl 1.112 1.075 1.022 0.951 0.859 0.749 0.635 0.536 0.451 0.374 0.303 0.234 0.172 0.125 0.105 0.101 0.100 0.100 0.100
seed   186 vw1 0.8431 vw0 0.1949 L1 0.3487 H0 0.2964 t1 1.1691e-03 t0 2.0427e-04 life 2.0427e-04 t0park inf lifepark 1.1691e-03  rbl 1.125 1.093 1.047 0.985 0.901 0.797 0.684 0.583 0.495 0.417 0.345 0.277 0.212 0.153 0.115 0.102 0.100 0.100 0.100
seed   187 vw1 0.8406 vw0 0.1979 L1 0.2977 H0 0.2479 t1 1.6221e-03 t0 3.7588e-05 life 3.7588e-05 t0park 9.1781e-05 lifepark 9.1781e-05  rbl 1.053 0.992 0.911 0.808 0.690 0.583 0.492 0.411 0.338 0.268 0.203 0.146 0.112 0.102 0.100 0.100 0.100 0.100 0.100
seed   188 vw1 0.8310 vw0 0.1928 L1 0.3251 H0 0.2729 t1 1.3380e-03 t0 9.8792e-05 life 9.8792e-05 t0park 3.7962e-04 lifepark 3.7962e-04  rbl 1.094 1.050 0.989 0.907 0.804 0.690 0.588 0.500 0.422 0.349 0.280 0.214 0.155 0.116 0.103 0.100 0.100 0.100 0.100
seed   189 vw1 0.8383 vw0 0.1989 L1 0.3017 H0 0.2508 t1 1.5777e-03 t0 4.4162e-05 life 4.4162e-05 t0park 1.1118e-04 lifepark 1.1118e-04  rbl 1.057 0.998 0.920 0.819 0.704 0.596 0.505 0.425 0.351 0.282 0.216 0.157 0.117 0.103 0.100 0.100 0.100 0.100 0.100
seed   190 vw1 0.8795 vw0 0.1932 L1 0.3456 H0 0.2951 t1 7.9658e-04 t0 5.8346e-05 life 5.8346e-05 t0park inf lifepark 7.9658e-04  rbl 1.125 1.092 1.046 0.983 0.899 0.793 0.677 0.573 0.484 0.405 0.333 0.264 0.199 0.143 0.111 0.102 0.100 0.100 0.100
seed   191 vw1 0.8386 vw0 0.1922 L1 0.3223 H0 0.2748 t1 1.2905e-03 t0 8.9893e-05 life 8.9893e-05 t0park 3.3659e-04 lifepark 3.3659e-04  rbl 1.102 1.060 1.000 0.920 0.818 0.699 0.585 0.490 0.406 0.331 0.260 0.194 0.138 0.109 0.101 0.100 0.100 0.100 0.100
seed   192 vw1 0.8527 vw0 0.1949 L1 0.3254 H0 0.2714 t1 1.1546e-03 t0 5.4787e-05 life 5.4787e-05 t0park 1.7385e-04 lifepark 1.7385e-04  rbl 1.091 1.045 0.982 0.899 0.795 0.684 0.586 0.501 0.425 0.353 0.285 0.220 0.160 0.119 0.103 0.100 0.100 0.100 0.100
seed   193 vw1 0.8143 vw0 0.1906 L1 0.3233 H0 0.2677 t1 1.4548e-03 t0 1.1938e-04 life 1.1938e-04 t0park 5.2994e-04 lifepark 5.2994e-04  rbl 1.083 1.035 0.969 0.882 0.776 0.669 0.576 0.494 0.419 0.349 0.281 0.217 0.158 0.117 0.103 0.100 0.100 0.100 0.100
seed   194 vw1 0.8205 vw0 0.1931 L1 0.3393 H0 0.2885 t1 1.3479e-03 t0 2.6659e-04 life 2.6659e-04 t0park inf lifepark 1.3479e-03  rbl 1.117 1.081 1.031 0.962 0.872 0.761 0.647 0.549 0.463 0.387 0.315 0.247 0.183 0.132 0.107 0.101 0.100 0.100 0.100
seed   195 vw1 0.8655 vw0 0.1958 L1 0.3513 H0 0.3022 t1 9.5867e-04 t0 1.2976e-04 life 1.2976e-04 t0park inf lifepark 9.5867e-04  rbl 1.134 1.104 1.063 1.005 0.926 0.827 0.710 0.598 0.504 0.422 0.347 0.277 0.210 0.151 0.114 0.102 0.100 0.100 0.100
seed   196 vw1 0.8362 vw0 0.1961 L1 0.3324 H0 0.2812 t1 1.3282e-03 t0 1.4701e-04 life 1.4701e-04 t0park inf lifepark 1.3282e-03  rbl 1.108 1.068 1.013 0.938 0.841 0.727 0.618 0.524 0.442 0.367 0.297 0.230 0.169 0.123 0.104 0.100 0.100 0.100 0.100
seed   197 vw1 0.8015 vw0 0.1893 L1 0.3271 H0 0.2759 t1 1.5031e-03 t0 2.3225e-04 life 2.3225e-04 t0park inf lifepark 1.5031e-03  rbl 1.100 1.058 0.999 0.920 0.819 0.704 0.598 0.507 0.427 0.353 0.283 0.217 0.157 0.117 0.103 0.100 0.100 0.100 0.100
seed   198 vw1 0.7997 vw0 0.1914 L1 0.3327 H0 0.2821 t1 1.5071e-03 t0 4.1199e-04 life 4.1199e-04 t0park inf lifepark 1.5071e-03  rbl 1.110 1.071 1.016 0.942 0.846 0.731 0.620 0.525 0.443 0.368 0.297 0.230 0.168 0.122 0.104 0.100 0.100 0.100 0.100
seed   199 vw1 0.8494 vw0 0.1969 L1 0.3185 H0 0.2669 t1 1.3121e-03 t0 5.9665e-05 life 5.9665e-05 t0park 1.7967e-04 lifepark 1.7967e-04  rbl 1.085 1.037 0.972 0.885 0.777 0.663 0.563 0.478 0.401 0.330 0.262 0.198 0.143 0.111 0.102 0.100 0.100 0.100 0.100
seed   200 vw1 0.8946 vw0 0.1965 L1 0.3365 H0 0.2878 t1 7.3213e-04 t0 3.5506e-05 life 3.5506e-05 t0park inf lifepark 7.3213e-04  rbl 1.117 1.081 1.030 0.961 0.870 0.760 0.643 0.540 0.453 0.375 0.302 0.234 0.171 0.124 0.105 0.101 0.100 0.100 0.100
