# 2026-09-25T11:44:16+08:00 run mc-track-ff85-s1: mc.py  --env CORNER=mos_ff --env TEMP=85 --env NS=100 --env N0=1 --env JOBS=1 --env VLO=0.3 --env VBAR=0.15 --env SCAN=0.20:0.65:0.025   (commit 530b0ea)
mc: mos_ff_mismatch 85C VLO=0.3 VBAR=0.15 sense 10.0 ns, seeds 1..100, scan [0.2, 0.225, 0.25, 0.275, 0.3, 0.325, 0.35, 0.375, 0.4, 0.425, 0.45, 0.475, 0.5, 0.525, 0.55, 0.575, 0.6, 0.625, 0.65], TSTOP 50m
seed     1 vw1 0.8195 vw0 0.1937 L1 0.4053 H0 0.3536 t1 1.1026e-03 t0 inf life 1.1026e-03 t0park inf lifepark 1.1026e-03  rbl 1.138 1.109 1.067 1.008 0.929 0.830 0.716 0.608 0.517 0.437 0.363 0.294 0.230 0.180 0.156 0.151 0.150 0.150 0.150
seed     2 vw1 0.8154 vw0 0.1922 L1 0.4393 H0 0.385 t1 9.0704e-04 t0 inf life 9.0704e-04 t0park inf lifepark 9.0704e-04  rbl 1.161 1.143 1.115 1.076 1.021 0.947 0.852 0.742 0.636 0.546 0.466 0.393 0.324 0.259 0.202 0.165 0.152 0.150 0.150
seed     3 vw1 0.8499 vw0 0.1964 L1 0.43 H0 0.3738 t1 8.3958e-04 t0 inf life 8.3958e-04 t0park inf lifepark 8.3958e-04  rbl 1.152 1.130 1.098 1.052 0.989 0.905 0.803 0.695 0.599 0.515 0.440 0.370 0.303 0.241 0.188 0.159 0.151 0.150 0.150
seed     4 vw1 0.8325 vw0 0.1886 L1 0.4084 H0 0.353 t1 9.4530e-04 t0 inf life 9.4530e-04 t0park inf lifepark 9.4530e-04  rbl 1.134 1.103 1.060 1.000 0.920 0.821 0.712 0.612 0.526 0.448 0.376 0.308 0.244 0.189 0.160 0.151 0.150 0.150 0.150
seed     5 vw1 0.8550 vw0 0.1942 L1 0.4122 H0 0.3629 t1 8.7124e-04 t0 inf life 8.7124e-04 t0park inf lifepark 8.7124e-04  rbl 1.147 1.122 1.085 1.032 0.961 0.870 0.760 0.643 0.542 0.456 0.379 0.308 0.241 0.187 0.158 0.151 0.150 0.150 0.150
seed     6 vw1 0.8853 vw0 0.1909 L1 0.4119 H0 0.3654 t1 6.2087e-04 t0 inf life 6.2087e-04 t0park inf lifepark 6.2087e-04  rbl 1.150 1.125 1.089 1.038 0.970 0.882 0.774 0.654 0.544 0.452 0.371 0.298 0.231 0.179 0.156 0.151 0.150 0.150 0.150
seed     7 vw1 0.8458 vw0 0.1944 L1 0.4245 H0 0.3739 t1 8.6301e-04 t0 inf life 8.6301e-04 t0park inf lifepark 8.6301e-04  rbl 1.155 1.133 1.102 1.056 0.994 0.912 0.810 0.695 0.588 0.498 0.418 0.345 0.276 0.214 0.170 0.154 0.150 0.150 0.150
seed     8 vw1 0.8608 vw0 0.1911 L1 0.4302 H0 0.3789 t1 7.3619e-04 t0 inf life 7.3619e-04 t0park inf lifepark 7.3619e-04  rbl 1.159 1.139 1.109 1.067 1.008 0.930 0.831 0.717 0.608 0.517 0.436 0.363 0.294 0.231 0.180 0.156 0.151 0.150 0.150
seed     9 vw1 0.8616 vw0 0.1921 L1 0.4212 H0 0.3707 t1 7.6765e-04 t0 inf life 7.6765e-04 t0park inf lifepark 7.6765e-04  rbl 1.153 1.130 1.097 1.049 0.984 0.900 0.796 0.680 0.575 0.486 0.408 0.335 0.267 0.206 0.166 0.153 0.150 0.150 0.150
seed    10 vw1 0.8497 vw0 0.1922 L1 0.4254 H0 0.3743 t1 8.2839e-04 t0 inf life 8.2839e-04 t0park inf lifepark 8.2839e-04  rbl 1.155 1.134 1.102 1.057 0.995 0.913 0.812 0.697 0.591 0.501 0.422 0.350 0.281 0.219 0.173 0.154 0.150 0.150 0.150
seed    11 vw1 0.8455 vw0 0.1909 L1 0.3831 H0 0.3328 t1 1.0162e-03 t0 inf life 1.0162e-03 t0park inf lifepark 1.0162e-03  rbl 1.114 1.074 1.018 0.943 0.848 0.735 0.623 0.527 0.444 0.368 0.297 0.232 0.180 0.156 0.151 0.150 0.150 0.150 0.150
seed    12 vw1 0.8465 vw0 0.1966 L1 0.391 H0 0.341 t1 1.0379e-03 t0 inf life 1.0379e-03 t0park inf lifepark 1.0379e-03  rbl 1.124 1.089 1.039 0.971 0.883 0.775 0.658 0.556 0.469 0.392 0.320 0.254 0.196 0.162 0.152 0.150 0.150 0.150 0.150
seed    13 vw1 0.8584 vw0 0.1893 L1 0.4496 H0 0.3964 t1 6.6574e-04 t0 inf life 6.6574e-04 t0park inf lifepark 6.6574e-04  rbl 1.169 1.153 1.130 1.097 1.049 0.984 0.899 0.795 0.684 0.584 0.498 0.421 0.350 0.282 0.220 0.174 0.155 0.151 0.150
seed    14 vw1 0.7981 vw0 0.1894 L1 0.4276 H0 0.3725 t1 1.0078e-03 t0 inf life 1.0078e-03 t0park inf lifepark 1.0078e-03  rbl 1.153 1.130 1.097 1.051 0.986 0.902 0.799 0.689 0.592 0.508 0.432 0.361 0.294 0.231 0.181 0.156 0.151 0.150 0.150
seed    15 vw1 0.8633 vw0 0.1950 L1 0.4155 H0 0.361 t1 7.9844e-04 t0 inf life 7.9844e-04 t0park inf lifepark 7.9844e-04  rbl 1.143 1.116 1.078 1.024 0.951 0.857 0.746 0.640 0.550 0.470 0.396 0.327 0.262 0.203 0.165 0.152 0.150 0.150 0.150
seed    16 vw1 0.8613 vw0 0.1960 L1 0.4129 H0 0.3623 t1 8.2654e-04 t0 inf life 8.2654e-04 t0park inf lifepark 8.2654e-04  rbl 1.145 1.119 1.082 1.029 0.957 0.866 0.756 0.642 0.544 0.459 0.383 0.312 0.247 0.191 0.160 0.151 0.150 0.150 0.150
seed    17 vw1 0.8506 vw0 0.1918 L1 0.4461 H0 0.3949 t1 7.2891e-04 t0 inf life 7.2891e-04 t0park inf lifepark 7.2891e-04  rbl 1.169 1.153 1.130 1.096 1.048 0.982 0.896 0.792 0.677 0.574 0.486 0.409 0.337 0.269 0.209 0.168 0.153 0.150 0.150
seed    18 vw1 0.8335 vw0 0.1948 L1 0.4171 H0 0.3652 t1 9.8457e-04 t0 inf life 9.8457e-04 t0park inf lifepark 9.8457e-04  rbl 1.147 1.122 1.085 1.034 0.964 0.876 0.769 0.656 0.558 0.473 0.397 0.326 0.259 0.200 0.164 0.152 0.150 0.150 0.150
seed    19 vw1 0.8308 vw0 0.1937 L1 0.3764 H0 0.3244 t1 1.1224e-03 t0 1.0065e-03 life 1.0065e-03 t0park inf lifepark 1.1224e-03  rbl 1.101 1.056 0.995 0.913 0.811 0.697 0.593 0.504 0.425 0.353 0.284 0.221 0.174 0.155 0.151 0.150 0.150 0.150 0.150
seed    20 vw1 0.8666 vw0 0.1945 L1 0.3997 H0 0.3463 t1 8.0293e-04 t0 9.1214e-04 life 8.0293e-04 t0park inf lifepark 8.0293e-04  rbl 1.128 1.095 1.048 0.984 0.899 0.796 0.684 0.584 0.499 0.423 0.352 0.285 0.223 0.176 0.155 0.151 0.150 0.150 0.150
seed    21 vw1 0.8314 vw0 0.1942 L1 0.4256 H0 0.377 t1 9.3536e-04 t0 inf life 9.3536e-04 t0park inf lifepark 9.3536e-04  rbl 1.158 1.137 1.107 1.064 1.003 0.924 0.825 0.709 0.597 0.502 0.420 0.345 0.276 0.213 0.170 0.153 0.150 0.150 0.150
seed    22 vw1 0.8123 vw0 0.1909 L1 0.4044 H0 0.3516 t1 1.0865e-03 t0 inf life 1.0865e-03 t0park inf lifepark 1.0865e-03  rbl 1.135 1.105 1.061 1.001 0.920 0.820 0.706 0.603 0.514 0.435 0.362 0.294 0.230 0.179 0.156 0.151 0.150 0.150 0.150
seed    23 vw1 0.8767 vw0 0.1945 L1 0.3909 H0 0.3328 t1 7.5975e-04 t0 2.5589e-04 life 2.5589e-04 t0park inf lifepark 7.5975e-04  rbl 1.108 1.067 1.010 0.934 0.837 0.730 0.633 0.549 0.472 0.401 0.334 0.269 0.210 0.169 0.153 0.150 0.150 0.150 0.150
seed    24 vw1 0.8178 vw0 0.1885 L1 0.4378 H0 0.3834 t1 8.9546e-04 t0 inf life 8.9546e-04 t0park inf lifepark 8.9546e-04  rbl 1.161 1.142 1.114 1.073 1.017 0.941 0.845 0.735 0.631 0.541 0.461 0.388 0.318 0.253 0.195 0.162 0.152 0.150 0.150
seed    25 vw1 0.8061 vw0 0.1874 L1 0.4633 H0 0.4089 t1 8.1128e-04 t0 inf life 8.1128e-04 t0park inf lifepark 8.1128e-04  rbl 1.175 1.162 1.144 1.116 1.076 1.020 0.944 0.848 0.737 0.632 0.542 0.463 0.390 0.321 0.256 0.199 0.163 0.152 0.150
seed    26 vw1 0.8072 vw0 0.1939 L1 0.4055 H0 0.353 t1 1.1548e-03 t0 inf life 1.1548e-03 t0park inf lifepark 1.1548e-03  rbl 1.136 1.106 1.064 1.004 0.925 0.826 0.713 0.607 0.517 0.438 0.365 0.297 0.233 0.182 0.157 0.151 0.150 0.150 0.150
seed    27 vw1 0.8271 vw0 0.1881 L1 0.4096 H0 0.3551 t1 9.6751e-04 t0 inf life 9.6751e-04 t0park inf lifepark 9.6751e-04  rbl 1.137 1.108 1.066 1.007 0.929 0.832 0.721 0.618 0.530 0.452 0.379 0.311 0.246 0.191 0.160 0.151 0.150 0.150 0.150
seed    28 vw1 0.8754 vw0 0.1951 L1 0.4476 H0 0.3926 t1 6.1716e-04 t0 inf life 6.1716e-04 t0park inf lifepark 6.1716e-04  rbl 1.166 1.149 1.124 1.088 1.037 0.969 0.881 0.776 0.668 0.574 0.492 0.417 0.347 0.281 0.219 0.174 0.155 0.151 0.150
seed    29 vw1 0.8334 vw0 0.1884 L1 0.4307 H0 0.3758 t1 8.5267e-04 t0 inf life 8.5267e-04 t0park inf lifepark 8.5267e-04  rbl 1.155 1.133 1.102 1.057 0.995 0.914 0.813 0.703 0.604 0.518 0.440 0.369 0.300 0.237 0.184 0.158 0.151 0.150 0.150
seed    30 vw1 0.8435 vw0 0.1941 L1 0.4348 H0 0.3829 t1 8.6467e-04 t0 inf life 8.6467e-04 t0park inf lifepark 8.6467e-04  rbl 1.161 1.142 1.114 1.074 1.018 0.942 0.847 0.734 0.625 0.532 0.451 0.377 0.308 0.244 0.189 0.159 0.151 0.150 0.150
seed    31 vw1 0.8364 vw0 0.1958 L1 0.4077 H0 0.3529 t1 1.0359e-03 t0 inf life 1.0359e-03 t0park inf lifepark 1.0359e-03  rbl 1.134 1.104 1.061 1.001 0.921 0.822 0.712 0.611 0.524 0.447 0.375 0.307 0.243 0.189 0.159 0.151 0.150 0.150 0.150
seed    32 vw1 0.8727 vw0 0.1953 L1 0.4087 H0 0.3582 t1 7.3729e-04 t0 inf life 7.3729e-04 t0park inf lifepark 7.3729e-04  rbl 1.142 1.114 1.075 1.019 0.944 0.849 0.737 0.624 0.529 0.446 0.371 0.301 0.235 0.183 0.157 0.151 0.150 0.150 0.150
seed    33 vw1 0.8446 vw0 0.1930 L1 0.4218 H0 0.3679 t1 8.9150e-04 t0 inf life 8.9150e-04 t0park inf lifepark 8.9150e-04  rbl 1.149 1.125 1.090 1.040 0.972 0.884 0.779 0.669 0.573 0.489 0.413 0.343 0.276 0.214 0.171 0.154 0.150 0.150 0.150
seed    34 vw1 0.8474 vw0 0.1918 L1 0.4145 H0 0.3656 t1 9.0115e-04 t0 inf life 9.0115e-04 t0park inf lifepark 9.0115e-04  rbl 1.150 1.125 1.089 1.038 0.969 0.881 0.773 0.656 0.551 0.463 0.384 0.311 0.243 0.187 0.158 0.151 0.150 0.150 0.150
seed    35 vw1 0.8753 vw0 0.1942 L1 0.4551 H0 0.4007 t1 6.0189e-04 t0 inf life 6.0189e-04 t0park inf lifepark 6.0189e-04  rbl 1.171 1.156 1.135 1.103 1.058 0.996 0.914 0.814 0.703 0.602 0.516 0.439 0.367 0.300 0.237 0.185 0.158 0.151 0.150
seed    36 vw1 0.8887 vw0 0.1911 L1 0.4238 H0 0.3685 t1 5.4775e-04 t0 inf life 5.4775e-04 t0park inf lifepark 5.4775e-04  rbl 1.149 1.125 1.090 1.040 0.972 0.885 0.779 0.672 0.578 0.496 0.421 0.351 0.284 0.222 0.175 0.155 0.151 0.150 0.150
seed    37 vw1 0.8317 vw0 0.1859 L1 0.4226 H0 0.3741 t1 8.3207e-04 t0 inf life 8.3207e-04 t0park inf lifepark 8.3207e-04  rbl 1.157 1.135 1.103 1.058 0.995 0.914 0.813 0.696 0.585 0.491 0.409 0.334 0.264 0.203 0.164 0.152 0.150 0.150 0.150
seed    38 vw1 0.8233 vw0 0.1890 L1 0.4344 H0 0.3851 t1 8.9486e-04 t0 inf life 8.9486e-04 t0park inf lifepark 8.9486e-04  rbl 1.163 1.145 1.118 1.079 1.024 0.950 0.858 0.746 0.631 0.532 0.447 0.370 0.299 0.234 0.182 0.157 0.151 0.150 0.150
seed    39 vw1 0.8252 vw0 0.1915 L1 0.3893 H0 0.3366 t1 1.1208e-03 t0 inf life 1.1208e-03 t0park inf lifepark 1.1208e-03  rbl 1.116 1.078 1.024 0.952 0.860 0.750 0.641 0.547 0.465 0.389 0.319 0.252 0.195 0.161 0.152 0.150 0.150 0.150 0.150
seed    40 vw1 0.8433 vw0 0.1925 L1 0.4274 H0 0.3769 t1 8.6279e-04 t0 inf life 8.6279e-04 t0park inf lifepark 8.6279e-04  rbl 1.157 1.136 1.105 1.061 1.000 0.921 0.822 0.708 0.600 0.508 0.427 0.353 0.284 0.221 0.174 0.155 0.151 0.150 0.150
seed    41 vw1 0.8138 vw0 0.1914 L1 0.401 H0 0.3486 t1 1.0975e-03 t0 inf life 1.0975e-03 t0park inf lifepark 1.0975e-03  rbl 1.131 1.099 1.053 0.991 0.908 0.807 0.694 0.591 0.503 0.425 0.352 0.284 0.221 0.174 0.155 0.151 0.150 0.150 0.150
seed    42 vw1 0.8641 vw0 0.1914 L1 0.393 H0 0.3396 t1 8.4496e-04 t0 inf life 8.4496e-04 t0park inf lifepark 8.4496e-04  rbl 1.121 1.085 1.034 0.964 0.873 0.764 0.654 0.560 0.477 0.402 0.331 0.265 0.205 0.166 0.152 0.150 0.150 0.150 0.150
seed    43 vw1 0.8053 vw0 0.1914 L1 0.4193 H0 0.3641 t1 1.0540e-03 t0 inf life 1.0540e-03 t0park inf lifepark 1.0540e-03  rbl 1.145 1.119 1.082 1.029 0.958 0.867 0.760 0.654 0.562 0.482 0.408 0.338 0.272 0.212 0.170 0.154 0.150 0.150 0.150
seed    44 vw1 0.8575 vw0 0.1865 L1 0.3844 H0 0.3309 t1 8.2473e-04 t0 3.0460e-04 life 3.0460e-04 t0park inf lifepark 8.2473e-04  rbl 1.108 1.068 1.010 0.933 0.836 0.725 0.620 0.530 0.450 0.377 0.308 0.243 0.189 0.159 0.151 0.150 0.150 0.150 0.150
seed    45 vw1 0.8841 vw0 0.1916 L1 0.4382 H0 0.3875 t1 5.5793e-04 t0 inf life 5.5793e-04 t0park inf lifepark 5.5793e-04  rbl 1.165 1.147 1.121 1.083 1.029 0.957 0.866 0.757 0.643 0.545 0.460 0.383 0.311 0.244 0.189 0.159 0.151 0.150 0.150
seed    46 vw1 0.8703 vw0 0.1962 L1 0.4063 H0 0.3542 t1 8.1153e-04 t0 inf life 8.1153e-04 t0park inf lifepark 8.1153e-04  rbl 1.138 1.108 1.066 1.008 0.930 0.831 0.718 0.611 0.520 0.440 0.367 0.298 0.234 0.182 0.157 0.151 0.150 0.150 0.150
seed    47 vw1 0.8559 vw0 0.1902 L1 0.4038 H0 0.3545 t1 7.9595e-04 t0 inf life 7.9595e-04 t0park inf lifepark 7.9595e-04  rbl 1.139 1.110 1.068 1.010 0.933 0.835 0.720 0.608 0.513 0.430 0.355 0.286 0.222 0.175 0.155 0.151 0.150 0.150 0.150
seed    48 vw1 0.8294 vw0 0.1890 L1 0.4105 H0 0.3618 t1 9.9234e-04 t0 inf life 9.9234e-04 t0park inf lifepark 9.9234e-04  rbl 1.147 1.121 1.083 1.030 0.958 0.866 0.755 0.638 0.536 0.450 0.372 0.300 0.234 0.181 0.156 0.151 0.150 0.150 0.150
seed    49 vw1 0.8223 vw0 0.1910 L1 0.421 H0 0.3688 t1 9.8101e-04 t0 inf life 9.8101e-04 t0park inf lifepark 9.8101e-04  rbl 1.151 1.128 1.094 1.045 0.978 0.891 0.785 0.672 0.572 0.486 0.410 0.338 0.271 0.210 0.169 0.153 0.150 0.150 0.150
seed    50 vw1 0.8208 vw0 0.1943 L1 0.4071 H0 0.3538 t1 1.0899e-03 t0 inf life 1.0899e-03 t0park inf lifepark 1.0899e-03  rbl 1.136 1.106 1.064 1.005 0.926 0.828 0.716 0.611 0.522 0.443 0.371 0.303 0.239 0.186 0.158 0.151 0.150 0.150 0.150
seed    51 vw1 0.9266 vw0 0.1967 L1 0.4445 H0 0.3919 t1 3.5772e-04 t0 inf life 3.5772e-04 t0park inf lifepark 3.5772e-04  rbl 1.167 1.151 1.127 1.091 1.041 0.972 0.884 0.776 0.663 0.566 0.481 0.406 0.335 0.268 0.208 0.167 0.153 0.150 0.150
seed    52 vw1 0.8395 vw0 0.1870 L1 0.4125 H0 0.3597 t1 8.4513e-04 t0 inf life 8.4513e-04 t0park inf lifepark 8.4513e-04  rbl 1.142 1.115 1.076 1.021 0.946 0.852 0.742 0.634 0.541 0.459 0.385 0.315 0.249 0.193 0.161 0.152 0.150 0.150 0.150
seed    53 vw1 0.8507 vw0 0.1962 L1 0.4393 H0 0.39 t1 8.0307e-04 t0 inf life 8.0307e-04 t0park inf lifepark 8.0307e-04  rbl 1.167 1.150 1.125 1.089 1.038 0.968 0.879 0.770 0.653 0.550 0.462 0.385 0.313 0.246 0.190 0.160 0.151 0.150 0.150
seed    54 vw1 0.8275 vw0 0.1905 L1 0.4288 H0 0.3735 t1 9.1072e-04 t0 inf life 9.1072e-04 t0park inf lifepark 9.1072e-04  rbl 1.153 1.131 1.099 1.053 0.990 0.906 0.804 0.694 0.596 0.512 0.435 0.365 0.297 0.234 0.183 0.157 0.151 0.150 0.150
seed    55 vw1 0.8494 vw0 0.1922 L1 0.4191 H0 0.3655 t1 8.3986e-04 t0 inf life 8.3986e-04 t0park inf lifepark 8.3986e-04  rbl 1.148 1.123 1.087 1.036 0.966 0.877 0.768 0.658 0.563 0.480 0.405 0.335 0.269 0.209 0.168 0.153 0.150 0.150 0.150
seed    56 vw1 0.8256 vw0 0.1913 L1 0.4137 H0 0.3581 t1 9.7870e-04 t0 inf life 9.7870e-04 t0park inf lifepark 9.7870e-04  rbl 1.139 1.111 1.070 1.014 0.938 0.842 0.733 0.631 0.543 0.464 0.392 0.323 0.257 0.199 0.163 0.152 0.150 0.150 0.150
seed    57 vw1 0.8506 vw0 0.1892 L1 0.4106 H0 0.3581 t1 8.5577e-04 t0 inf life 8.5577e-04 t0park inf lifepark 8.5577e-04  rbl 1.141 1.114 1.074 1.018 0.942 0.847 0.735 0.627 0.534 0.453 0.379 0.309 0.243 0.188 0.159 0.151 0.150 0.150 0.150
seed    58 vw1 0.8552 vw0 0.1935 L1 0.404 H0 0.3465 t1 8.9474e-04 t0 inf life 8.9474e-04 t0park inf lifepark 8.9474e-04  rbl 1.127 1.093 1.045 0.980 0.894 0.791 0.685 0.593 0.512 0.437 0.368 0.301 0.238 0.186 0.158 0.151 0.150 0.150 0.150
seed    59 vw1 0.8581 vw0 0.1957 L1 0.4091 H0 0.3592 t1 8.6883e-04 t0 inf life 8.6883e-04 t0park inf lifepark 8.6883e-04  rbl 1.142 1.115 1.075 1.020 0.946 0.853 0.742 0.628 0.531 0.447 0.371 0.300 0.235 0.182 0.157 0.151 0.150 0.150 0.150
seed    60 vw1 0.8718 vw0 0.1905 L1 0.4472 H0 0.3955 t1 6.3570e-04 t0 inf life 6.3570e-04 t0park inf lifepark 6.3570e-04  rbl 1.169 1.154 1.131 1.097 1.049 0.983 0.898 0.793 0.679 0.577 0.490 0.412 0.340 0.273 0.211 0.169 0.153 0.150 0.150
seed    61 vw1 0.8495 vw0 0.1893 L1 0.3784 H0 0.3277 t1 9.7397e-04 t0 5.3439e-04 life 5.3439e-04 t0park inf lifepark 9.7397e-04  rbl 1.107 1.064 1.005 0.926 0.826 0.712 0.603 0.511 0.430 0.356 0.286 0.222 0.174 0.155 0.151 0.150 0.150 0.150 0.150
seed    62 vw1 0.8108 vw0 0.1938 L1 0.3996 H0 0.3447 t1 1.1688e-03 t0 inf life 1.1688e-03 t0park inf lifepark 1.1688e-03  rbl 1.124 1.090 1.042 0.976 0.890 0.786 0.677 0.582 0.499 0.424 0.353 0.287 0.225 0.177 0.155 0.151 0.150 0.150 0.150
seed    63 vw1 0.8515 vw0 0.1921 L1 0.4151 H0 0.3657 t1 8.5532e-04 t0 inf life 8.5532e-04 t0park inf lifepark 8.5532e-04  rbl 1.149 1.124 1.088 1.037 0.969 0.881 0.774 0.657 0.553 0.465 0.387 0.314 0.247 0.190 0.160 0.151 0.150 0.150 0.150
seed    64 vw1 0.8606 vw0 0.1961 L1 0.4047 H0 0.3494 t1 8.8012e-04 t0 inf life 8.8012e-04 t0park inf lifepark 8.8012e-04  rbl 1.131 1.099 1.054 0.992 0.910 0.808 0.697 0.599 0.514 0.438 0.367 0.300 0.237 0.185 0.158 0.151 0.150 0.150 0.150
seed    65 vw1 0.8386 vw0 0.1925 L1 0.4234 H0 0.3724 t1 9.0280e-04 t0 inf life 9.0280e-04 t0park inf lifepark 9.0280e-04  rbl 1.154 1.132 1.100 1.054 0.990 0.907 0.804 0.688 0.583 0.494 0.416 0.343 0.275 0.214 0.170 0.153 0.150 0.150 0.150
seed    66 vw1 0.8635 vw0 0.1918 L1 0.4155 H0 0.3647 t1 7.3945e-04 t0 inf life 7.3945e-04 t0park inf lifepark 7.3945e-04  rbl 1.146 1.121 1.084 1.033 0.963 0.874 0.767 0.653 0.553 0.468 0.391 0.319 0.253 0.195 0.162 0.152 0.150 0.150 0.150
seed    67 vw1 0.8218 vw0 0.1913 L1 0.4126 H0 0.3603 t1 1.0278e-03 t0 inf life 1.0278e-03 t0park inf lifepark 1.0278e-03  rbl 1.144 1.117 1.078 1.024 0.950 0.856 0.745 0.635 0.541 0.459 0.385 0.315 0.249 0.192 0.160 0.151 0.150 0.150 0.150
seed    68 vw1 0.8113 vw0 0.1896 L1 0.4191 H0 0.3698 t1 1.0071e-03 t0 inf life 1.0071e-03 t0park inf lifepark 1.0071e-03  rbl 1.154 1.131 1.098 1.050 0.984 0.899 0.793 0.675 0.569 0.479 0.399 0.326 0.258 0.198 0.163 0.152 0.150 0.150 0.150
seed    69 vw1 0.8691 vw0 0.1959 L1 0.443 H0 0.3913 t1 7.0682e-04 t0 inf life 7.0682e-04 t0park inf lifepark 7.0682e-04  rbl 1.167 1.150 1.125 1.090 1.039 0.970 0.881 0.774 0.661 0.561 0.476 0.400 0.329 0.262 0.203 0.165 0.152 0.150 0.150
seed    70 vw1 0.8500 vw0 0.1891 L1 0.4424 H0 0.3897 t1 7.3359e-04 t0 inf life 7.3359e-04 t0park inf lifepark 7.3359e-04  rbl 1.166 1.148 1.123 1.087 1.035 0.964 0.874 0.766 0.654 0.558 0.475 0.399 0.329 0.262 0.203 0.165 0.152 0.150 0.150
seed    71 vw1 0.8694 vw0 0.1913 L1 0.4166 H0 0.3633 t1 7.4311e-04 t0 inf life 7.4311e-04 t0park inf lifepark 7.4311e-04  rbl 1.146 1.120 1.083 1.030 0.959 0.867 0.758 0.649 0.555 0.472 0.397 0.327 0.261 0.202 0.164 0.152 0.150 0.150 0.150
seed    72 vw1 0.8578 vw0 0.1876 L1 0.4371 H0 0.3891 t1 6.8543e-04 t0 inf life 6.8543e-04 t0park inf lifepark 6.8543e-04  rbl 1.167 1.150 1.125 1.088 1.036 0.966 0.876 0.767 0.648 0.543 0.454 0.375 0.302 0.235 0.182 0.157 0.151 0.150 0.150
seed    73 vw1 0.8212 vw0 0.1852 L1 0.4252 H0 0.3699 t1 8.9946e-04 t0 inf life 8.9946e-04 t0park inf lifepark 8.9946e-04  rbl 1.150 1.126 1.092 1.043 0.977 0.890 0.786 0.678 0.584 0.501 0.425 0.354 0.287 0.224 0.176 0.155 0.151 0.150 0.150
seed    74 vw1 0.8066 vw0 0.1920 L1 0.3582 H0 0.3037 t1 1.4076e-03 t0 inf life 1.4076e-03 t0park inf lifepark 1.4076e-03  rbl 1.063 1.004 0.925 0.826 0.715 0.613 0.526 0.447 0.374 0.306 0.241 0.186 0.158 0.151 0.150 0.150 0.150 0.150 0.150
seed    75 vw1 0.8350 vw0 0.1910 L1 0.3794 H0 0.3255 t1 1.0900e-03 t0 inf life 1.0900e-03 t0park inf lifepark 1.0900e-03  rbl 1.101 1.057 0.996 0.915 0.814 0.702 0.601 0.514 0.436 0.364 0.297 0.234 0.182 0.157 0.151 0.150 0.150 0.150 0.150
seed    76 vw1 0.8220 vw0 0.1864 L1 0.4348 H0 0.3823 t1 8.7703e-04 t0 inf life 8.7703e-04 t0park inf lifepark 8.7703e-04  rbl 1.160 1.141 1.112 1.072 1.014 0.938 0.843 0.731 0.624 0.532 0.451 0.377 0.307 0.242 0.188 0.159 0.151 0.150 0.150
seed    77 vw1 0.8053 vw0 0.1912 L1 0.3666 H0 0.3091 t1 1.3319e-03 t0 inf life 1.3319e-03 t0park inf lifepark 1.3319e-03  rbl 1.069 1.013 0.938 0.843 0.736 0.637 0.551 0.474 0.402 0.334 0.269 0.209 0.168 0.153 0.150 0.150 0.150 0.150 0.150
seed    78 vw1 0.8522 vw0 0.1944 L1 0.4091 H0 0.3548 t1 9.1090e-04 t0 inf life 9.1090e-04 t0park inf lifepark 9.1090e-04  rbl 1.136 1.107 1.065 1.006 0.928 0.831 0.720 0.617 0.529 0.450 0.377 0.309 0.244 0.190 0.160 0.151 0.150 0.150 0.150
seed    79 vw1 0.8144 vw0 0.1936 L1 0.3958 H0 0.345 t1 1.1729e-03 t0 inf life 1.1729e-03 t0park inf lifepark 1.1729e-03  rbl 1.128 1.095 1.048 0.983 0.898 0.793 0.677 0.573 0.485 0.407 0.336 0.269 0.209 0.168 0.153 0.150 0.150 0.150 0.150
seed    80 vw1 0.8531 vw0 0.1937 L1 0.367 H0 0.3115 t1 1.0563e-03 t0 2.5135e-04 life 2.5135e-04 t0park inf lifepark 1.0563e-03  rbl 1.074 1.021 0.948 0.855 0.748 0.644 0.554 0.475 0.401 0.332 0.267 0.208 0.168 0.153 0.150 0.150 0.150 0.150 0.150
seed    81 vw1 0.9029 vw0 0.1938 L1 0.423 H0 0.3682 t1 5.1738e-04 t0 inf life 5.1738e-04 t0park inf lifepark 5.1738e-04  rbl 1.149 1.125 1.090 1.040 0.972 0.884 0.779 0.670 0.576 0.493 0.418 0.348 0.281 0.219 0.173 0.154 0.151 0.150 0.150
seed    82 vw1 0.8444 vw0 0.1951 L1 0.404 H0 0.3531 t1 9.6319e-04 t0 inf life 9.6319e-04 t0park inf lifepark 9.6319e-04  rbl 1.136 1.107 1.064 1.005 0.926 0.828 0.714 0.605 0.513 0.432 0.359 0.290 0.227 0.178 0.156 0.151 0.150 0.150 0.150
seed    83 vw1 0.8460 vw0 0.1933 L1 0.4383 H0 0.3841 t1 8.0379e-04 t0 inf life 8.0379e-04 t0park inf lifepark 8.0379e-04  rbl 1.162 1.143 1.115 1.076 1.020 0.944 0.849 0.738 0.633 0.542 0.463 0.389 0.320 0.255 0.198 0.163 0.152 0.150 0.150
seed    84 vw1 0.8512 vw0 0.1913 L1 0.4085 H0 0.3566 t1 8.9268e-04 t0 inf life 8.9268e-04 t0park inf lifepark 8.9268e-04  rbl 1.140 1.111 1.071 1.014 0.937 0.841 0.728 0.620 0.528 0.447 0.372 0.303 0.238 0.184 0.158 0.151 0.150 0.150 0.150
seed    85 vw1 0.8252 vw0 0.1901 L1 0.4073 H0 0.3539 t1 1.0176e-03 t0 inf life 1.0176e-03 t0park inf lifepark 1.0176e-03  rbl 1.137 1.108 1.066 1.007 0.928 0.829 0.716 0.612 0.523 0.444 0.371 0.302 0.238 0.185 0.158 0.151 0.150 0.150 0.150
seed    86 vw1 0.8128 vw0 0.1909 L1 0.4206 H0 0.3671 t1 1.0250e-03 t0 inf life 1.0250e-03 t0park inf lifepark 1.0250e-03  rbl 1.149 1.124 1.089 1.039 0.971 0.882 0.776 0.665 0.569 0.485 0.410 0.339 0.272 0.211 0.169 0.153 0.150 0.150 0.150
seed    87 vw1 0.8411 vw0 0.1902 L1 0.4129 H0 0.3614 t1 9.0808e-04 t0 inf life 9.0808e-04 t0park inf lifepark 9.0808e-04  rbl 1.144 1.117 1.079 1.025 0.953 0.861 0.751 0.639 0.543 0.460 0.384 0.314 0.248 0.192 0.160 0.151 0.150 0.150 0.150
seed    88 vw1 0.7861 vw0 0.1911 L1 0.4388 H0 0.3845 t1 9.9251e-04 t0 inf life 9.9251e-04 t0park inf lifepark 9.9251e-04  rbl 1.162 1.143 1.115 1.076 1.020 0.945 0.850 0.740 0.634 0.544 0.464 0.391 0.323 0.258 0.201 0.164 0.152 0.150 0.150
seed    89 vw1 0.8387 vw0 0.1914 L1 0.4157 H0 0.3622 t1 9.4243e-04 t0 inf life 9.4243e-04 t0park inf lifepark 9.4243e-04  rbl 1.144 1.118 1.080 1.026 0.954 0.862 0.753 0.645 0.551 0.470 0.395 0.325 0.259 0.200 0.164 0.152 0.150 0.150 0.150
seed    90 vw1 0.8416 vw0 0.1881 L1 0.3965 H0 0.339 t1 9.3051e-04 t0 inf life 9.3051e-04 t0park inf lifepark 9.3051e-04  rbl 1.117 1.079 1.027 0.955 0.863 0.756 0.655 0.568 0.489 0.416 0.348 0.282 0.221 0.174 0.155 0.151 0.150 0.150 0.150
seed    91 vw1 0.8168 vw0 0.1916 L1 0.4425 H0 0.3957 t1 8.9692e-04 t0 inf life 8.9692e-04 t0park inf lifepark 8.9692e-04  rbl 1.170 1.155 1.132 1.099 1.052 0.987 0.903 0.799 0.679 0.566 0.471 0.390 0.316 0.247 0.191 0.160 0.151 0.150 0.150
seed    92 vw1 0.8171 vw0 0.1876 L1 0.406 H0 0.3512 t1 1.0155e-03 t0 inf life 1.0155e-03 t0park inf lifepark 1.0155e-03  rbl 1.133 1.103 1.059 0.998 0.917 0.816 0.705 0.605 0.519 0.441 0.370 0.302 0.238 0.185 0.158 0.151 0.150 0.150 0.150
seed    93 vw1 0.8304 vw0 0.1946 L1 0.4163 H0 0.3664 t1 9.7882e-04 t0 inf life 9.7882e-04 t0park inf lifepark 9.7882e-04  rbl 1.150 1.125 1.090 1.039 0.971 0.883 0.776 0.660 0.557 0.470 0.392 0.320 0.252 0.195 0.161 0.152 0.150 0.150 0.150
seed    94 vw1 0.8198 vw0 0.1874 L1 0.4249 H0 0.3745 t1 9.2467e-04 t0 inf life 9.2467e-04 t0park inf lifepark 9.2467e-04  rbl 1.156 1.135 1.103 1.058 0.996 0.914 0.813 0.698 0.591 0.499 0.419 0.345 0.276 0.213 0.170 0.153 0.150 0.150 0.150
seed    95 vw1 0.8478 vw0 0.1910 L1 0.4053 H0 0.3546 t1 8.8689e-04 t0 inf life 8.8689e-04 t0park inf lifepark 8.8689e-04  rbl 1.138 1.108 1.067 1.008 0.931 0.834 0.720 0.611 0.517 0.436 0.362 0.292 0.228 0.179 0.156 0.151 0.150 0.150 0.150
seed    96 vw1 0.8655 vw0 0.1926 L1 0.3826 H0 0.3297 t1 8.5783e-04 t0 3.3374e-04 life 3.3374e-04 t0park inf lifepark 8.5783e-04  rbl 1.107 1.065 1.007 0.929 0.832 0.720 0.615 0.524 0.444 0.371 0.301 0.236 0.184 0.157 0.151 0.150 0.150 0.150 0.150
seed    97 vw1 0.8730 vw0 0.1977 L1 0.4112 H0 0.3576 t1 7.8627e-04 t0 inf life 7.8627e-04 t0park inf lifepark 7.8627e-04  rbl 1.139 1.111 1.071 1.015 0.939 0.844 0.732 0.626 0.536 0.456 0.383 0.315 0.250 0.194 0.161 0.152 0.150 0.150 0.150
seed    98 vw1 0.8596 vw0 0.1952 L1 0.3981 H0 0.3463 t1 9.0802e-04 t0 inf life 9.0802e-04 t0park inf lifepark 9.0802e-04  rbl 1.130 1.097 1.051 0.986 0.902 0.798 0.683 0.581 0.493 0.416 0.344 0.276 0.215 0.171 0.154 0.150 0.150 0.150 0.150
seed    99 vw1 0.9038 vw0 0.1915 L1 0.4271 H0 0.3786 t1 4.5234e-04 t0 inf life 4.5234e-04 t0park inf lifepark 4.5234e-04  rbl 1.158 1.137 1.107 1.064 1.005 0.927 0.830 0.716 0.603 0.507 0.424 0.348 0.278 0.215 0.171 0.154 0.150 0.150 0.150
seed   100 vw1 0.8455 vw0 0.1882 L1 0.399 H0 0.3459 t1 8.9010e-04 t0 inf life 8.9010e-04 t0park inf lifepark 8.9010e-04  rbl 1.128 1.095 1.048 0.983 0.898 0.794 0.682 0.582 0.497 0.420 0.348 0.281 0.218 0.173 0.154 0.150 0.150 0.150 0.150
# 2026-09-25T11:44:16+08:00 run mc-track-ff85-s101: mc.py  --env CORNER=mos_ff --env TEMP=85 --env NS=100 --env N0=101 --env JOBS=1 --env VLO=0.3 --env VBAR=0.15 --env SCAN=0.20:0.65:0.025   (commit 530b0ea)
mc: mos_ff_mismatch 85C VLO=0.3 VBAR=0.15 sense 10.0 ns, seeds 101..200, scan [0.2, 0.225, 0.25, 0.275, 0.3, 0.325, 0.35, 0.375, 0.4, 0.425, 0.45, 0.475, 0.5, 0.525, 0.55, 0.575, 0.6, 0.625, 0.65], TSTOP 50m
seed   101 vw1 0.8586 vw0 0.1899 L1 0.4351 H0 0.3836 t1 7.3051e-04 t0 inf life 7.3051e-04 t0park inf lifepark 7.3051e-04  rbl 1.161 1.142 1.115 1.075 1.018 0.943 0.849 0.738 0.628 0.533 0.451 0.376 0.306 0.240 0.186 0.158 0.151 0.150 0.150
seed   102 vw1 0.8386 vw0 0.1929 L1 0.3879 H0 0.3353 t1 1.0648e-03 t0 inf life 1.0648e-03 t0park inf lifepark 1.0648e-03  rbl 1.116 1.077 1.023 0.950 0.856 0.745 0.636 0.542 0.460 0.386 0.316 0.250 0.194 0.161 0.152 0.150 0.150 0.150 0.150
seed   103 vw1 0.8186 vw0 0.1930 L1 0.4018 H0 0.3496 t1 1.1081e-03 t0 inf life 1.1081e-03 t0park inf lifepark 1.1081e-03  rbl 1.132 1.101 1.056 0.994 0.913 0.812 0.698 0.594 0.506 0.427 0.354 0.286 0.222 0.175 0.155 0.151 0.150 0.150 0.150
seed   104 vw1 0.8646 vw0 0.1919 L1 0.4256 H0 0.3769 t1 7.1355e-04 t0 inf life 7.1355e-04 t0park inf lifepark 7.1355e-04  rbl 1.158 1.137 1.107 1.063 1.003 0.923 0.824 0.709 0.597 0.502 0.420 0.344 0.275 0.212 0.169 0.153 0.150 0.150 0.150
seed   105 vw1 0.8285 vw0 0.1921 L1 0.3981 H0 0.348 t1 1.0393e-03 t0 inf life 1.0393e-03 t0park inf lifepark 1.0393e-03  rbl 1.131 1.099 1.053 0.990 0.907 0.806 0.691 0.584 0.493 0.413 0.339 0.270 0.208 0.167 0.153 0.150 0.150 0.150 0.150
seed   106 vw1 0.8571 vw0 0.1890 L1 0.4178 H0 0.3675 t1 8.0210e-04 t0 inf life 8.0210e-04 t0park inf lifepark 8.0210e-04  rbl 1.151 1.128 1.093 1.044 0.976 0.889 0.782 0.665 0.562 0.475 0.396 0.324 0.256 0.197 0.162 0.152 0.150 0.150 0.150
seed   107 vw1 0.8221 vw0 0.1870 L1 0.4143 H0 0.3642 t1 9.4458e-04 t0 inf life 9.4458e-04 t0park inf lifepark 9.4458e-04  rbl 1.149 1.124 1.088 1.036 0.966 0.876 0.766 0.650 0.549 0.463 0.386 0.315 0.249 0.192 0.160 0.151 0.150 0.150 0.150
seed   108 vw1 0.7998 vw0 0.1899 L1 0.388 H0 0.3381 t1 1.2292e-03 t0 inf life 1.2292e-03 t0park inf lifepark 1.2292e-03  rbl 1.119 1.082 1.030 0.959 0.869 0.760 0.645 0.545 0.458 0.381 0.309 0.242 0.187 0.158 0.151 0.150 0.150 0.150 0.150
seed   109 vw1 0.8469 vw0 0.1935 L1 0.4084 H0 0.3559 t1 9.3917e-04 t0 inf life 9.3917e-04 t0park inf lifepark 9.3917e-04  rbl 1.139 1.110 1.069 1.012 0.935 0.838 0.725 0.618 0.527 0.447 0.373 0.304 0.239 0.186 0.158 0.151 0.150 0.150 0.150
seed   110 vw1 0.8091 vw0 0.1926 L1 0.3944 H0 0.3421 t1 1.1803e-03 t0 inf life 1.1803e-03 t0park inf lifepark 1.1803e-03  rbl 1.124 1.089 1.039 0.971 0.884 0.777 0.664 0.566 0.481 0.404 0.333 0.266 0.206 0.166 0.153 0.150 0.150 0.150 0.150
seed   111 vw1 0.8509 vw0 0.1932 L1 0.42 H0 0.3707 t1 8.4165e-04 t0 inf life 8.4165e-04 t0park inf lifepark 8.4165e-04  rbl 1.154 1.131 1.098 1.051 0.987 0.902 0.798 0.680 0.572 0.482 0.403 0.330 0.263 0.203 0.165 0.152 0.150 0.150 0.150
seed   112 vw1 0.8287 vw0 0.1888 L1 0.3989 H0 0.3478 t1 9.9811e-04 t0 inf life 9.9811e-04 t0park inf lifepark 9.9811e-04  rbl 1.132 1.100 1.055 0.991 0.908 0.805 0.690 0.585 0.496 0.417 0.344 0.276 0.214 0.170 0.153 0.150 0.150 0.150 0.150
seed   113 vw1 0.8644 vw0 0.1951 L1 0.4287 H0 0.3765 t1 7.5236e-04 t0 inf life 7.5236e-04 t0park inf lifepark 7.5236e-04  rbl 1.156 1.135 1.104 1.060 0.999 0.919 0.820 0.706 0.601 0.512 0.432 0.360 0.291 0.228 0.178 0.156 0.151 0.150 0.150
seed   114 vw1 0.8330 vw0 0.1934 L1 0.4137 H0 0.3588 t1 9.7245e-04 t0 inf life 9.7245e-04 t0park inf lifepark 9.7245e-04  rbl 1.140 1.112 1.073 1.017 0.941 0.846 0.736 0.633 0.543 0.464 0.391 0.322 0.257 0.199 0.163 0.152 0.150 0.150 0.150
seed   115 vw1 0.8439 vw0 0.1912 L1 0.4562 H0 0.408 t1 7.3367e-04 t0 inf life 7.3367e-04 t0park inf lifepark 7.3367e-04  rbl 1.176 1.163 1.144 1.116 1.076 1.019 0.944 0.850 0.737 0.621 0.521 0.436 0.360 0.289 0.225 0.176 0.155 0.151 0.150
seed   116 vw1 0.8434 vw0 0.1882 L1 0.4308 H0 0.377 t1 7.9059e-04 t0 inf life 7.9059e-04 t0park inf lifepark 7.9059e-04  rbl 1.157 1.136 1.105 1.062 1.001 0.920 0.820 0.708 0.606 0.518 0.440 0.367 0.299 0.235 0.183 0.157 0.151 0.150 0.150
seed   117 vw1 0.8409 vw0 0.1923 L1 0.3999 H0 0.3492 t1 9.5760e-04 t0 inf life 9.5760e-04 t0park inf lifepark 9.5760e-04  rbl 1.132 1.101 1.056 0.994 0.912 0.811 0.696 0.590 0.500 0.420 0.347 0.279 0.217 0.172 0.154 0.150 0.150 0.150 0.150
seed   118 vw1 0.8289 vw0 0.1974 L1 0.4316 H0 0.3774 t1 9.6590e-04 t0 inf life 9.6590e-04 t0park inf lifepark 9.6590e-04  rbl 1.156 1.135 1.104 1.061 1.000 0.920 0.821 0.710 0.608 0.521 0.443 0.371 0.303 0.239 0.186 0.158 0.151 0.150 0.150
seed   119 vw1 0.8647 vw0 0.1950 L1 0.4023 H0 0.3456 t1 8.4379e-04 t0 inf life 8.4379e-04 t0park inf lifepark 8.4379e-04  rbl 1.125 1.091 1.044 0.978 0.892 0.788 0.681 0.588 0.507 0.433 0.364 0.298 0.236 0.185 0.158 0.151 0.150 0.150 0.150
seed   120 vw1 0.8724 vw0 0.1889 L1 0.4021 H0 0.3531 t1 7.0833e-04 t0 inf life 7.0833e-04 t0park inf lifepark 7.0833e-04  rbl 1.138 1.108 1.065 1.005 0.927 0.829 0.714 0.602 0.507 0.424 0.349 0.278 0.215 0.170 0.154 0.150 0.150 0.150 0.150
seed   121 vw1 0.8483 vw0 0.1927 L1 0.452 H0 0.4028 t1 7.4783e-04 t0 inf life 7.4783e-04 t0park inf lifepark 7.4783e-04  rbl 1.173 1.159 1.139 1.109 1.066 1.005 0.926 0.828 0.712 0.601 0.506 0.425 0.351 0.282 0.219 0.173 0.154 0.150 0.150
seed   122 vw1 0.8904 vw0 0.1911 L1 0.3921 H0 0.3405 t1 6.3271e-04 t0 2.2041e-04 life 2.2041e-04 t0park inf lifepark 6.3271e-04  rbl 1.121 1.086 1.035 0.966 0.877 0.770 0.657 0.558 0.473 0.396 0.325 0.258 0.199 0.163 0.152 0.150 0.150 0.150 0.150
seed   123 vw1 0.8844 vw0 0.1919 L1 0.3973 H0 0.3452 t1 6.5604e-04 t0 3.0598e-04 life 3.0598e-04 t0park inf lifepark 6.5604e-04  rbl 1.127 1.093 1.046 0.981 0.896 0.791 0.678 0.577 0.491 0.413 0.342 0.274 0.213 0.170 0.154 0.150 0.150 0.150 0.150
seed   124 vw1 0.8459 vw0 0.1920 L1 0.43 H0 0.376 t1 8.2905e-04 t0 inf life 8.2905e-04 t0park inf lifepark 8.2905e-04  rbl 1.156 1.135 1.104 1.060 0.998 0.917 0.816 0.704 0.603 0.516 0.438 0.366 0.298 0.234 0.182 0.157 0.151 0.150 0.150
seed   125 vw1 0.7983 vw0 0.1867 L1 0.4143 H0 0.3616 t1 1.0515e-03 t0 inf life 1.0515e-03 t0park inf lifepark 1.0515e-03  rbl 1.144 1.118 1.080 1.027 0.954 0.861 0.751 0.641 0.547 0.465 0.390 0.320 0.254 0.197 0.162 0.152 0.150 0.150 0.150
seed   126 vw1 0.8139 vw0 0.1909 L1 0.4443 H0 0.3933 t1 8.9107e-04 t0 inf life 8.9107e-04 t0park inf lifepark 8.9107e-04  rbl 1.169 1.153 1.129 1.094 1.045 0.978 0.891 0.784 0.669 0.567 0.480 0.403 0.331 0.264 0.204 0.165 0.152 0.150 0.150
seed   127 vw1 0.8561 vw0 0.1940 L1 0.428 H0 0.3769 t1 7.9795e-04 t0 inf life 7.9795e-04 t0park inf lifepark 7.9795e-04  rbl 1.157 1.136 1.106 1.062 1.001 0.921 0.822 0.708 0.601 0.510 0.429 0.355 0.286 0.222 0.174 0.155 0.151 0.150 0.150
seed   128 vw1 0.8284 vw0 0.1872 L1 0.4008 H0 0.3462 t1 1.0041e-03 t0 inf life 1.0041e-03 t0park inf lifepark 1.0041e-03  rbl 1.128 1.095 1.048 0.983 0.898 0.793 0.683 0.586 0.502 0.426 0.356 0.289 0.226 0.178 0.156 0.151 0.150 0.150 0.150
seed   129 vw1 0.8056 vw0 0.1891 L1 0.408 H0 0.3526 t1 1.0942e-03 t0 inf life 1.0942e-03 t0park inf lifepark 1.0942e-03  rbl 1.134 1.104 1.061 1.000 0.920 0.820 0.710 0.611 0.525 0.447 0.376 0.308 0.244 0.189 0.159 0.151 0.150 0.150 0.150
seed   130 vw1 0.8587 vw0 0.1899 L1 0.4081 H0 0.3491 t1 8.2258e-04 t0 inf life 8.2258e-04 t0park inf lifepark 8.2258e-04  rbl 1.128 1.095 1.049 0.985 0.901 0.800 0.696 0.605 0.524 0.450 0.380 0.314 0.250 0.195 0.162 0.152 0.150 0.150 0.150
seed   131 vw1 0.8291 vw0 0.1916 L1 0.4423 H0 0.3904 t1 8.5313e-04 t0 inf life 8.5313e-04 t0park inf lifepark 8.5313e-04  rbl 1.166 1.149 1.124 1.087 1.036 0.966 0.877 0.769 0.657 0.558 0.474 0.398 0.327 0.261 0.202 0.165 0.152 0.150 0.150
seed   132 vw1 0.7823 vw0 0.1864 L1 0.4067 H0 0.3512 t1 1.1605e-03 t0 inf life 1.1605e-03 t0park inf lifepark 1.1605e-03  rbl 1.133 1.102 1.058 0.996 0.915 0.815 0.705 0.606 0.521 0.444 0.373 0.305 0.241 0.188 0.159 0.151 0.150 0.150 0.150
seed   133 vw1 0.8917 vw0 0.1941 L1 0.4306 H0 0.3822 t1 5.6256e-04 t0 inf life 5.6256e-04 t0park inf lifepark 5.6256e-04  rbl 1.161 1.142 1.114 1.074 1.017 0.941 0.847 0.733 0.618 0.519 0.434 0.358 0.287 0.223 0.175 0.155 0.151 0.150 0.150
seed   134 vw1 0.8426 vw0 0.1901 L1 0.419 H0 0.3679 t1 8.7529e-04 t0 inf life 8.7529e-04 t0park inf lifepark 8.7529e-04  rbl 1.151 1.127 1.093 1.044 0.976 0.889 0.782 0.667 0.566 0.479 0.402 0.330 0.262 0.203 0.165 0.152 0.150 0.150 0.150
seed   135 vw1 0.7922 vw0 0.1944 L1 0.3872 H0 0.3345 t1 1.3017e-03 t0 inf life 1.3017e-03 t0park inf lifepark 1.3017e-03  rbl 1.112 1.073 1.018 0.944 0.851 0.741 0.633 0.540 0.458 0.384 0.314 0.248 0.193 0.161 0.152 0.150 0.150 0.150 0.150
seed   136 vw1 0.8955 vw0 0.1910 L1 0.3783 H0 0.3249 t1 5.7016e-04 t0 8.9842e-05 life 8.9842e-05 t0park inf lifepark 5.7016e-04  rbl 1.099 1.055 0.993 0.912 0.811 0.700 0.598 0.510 0.432 0.359 0.291 0.227 0.178 0.156 0.151 0.150 0.150 0.150 0.150
seed   137 vw1 0.8780 vw0 0.1962 L1 0.3942 H0 0.3433 t1 8.2115e-04 t0 inf life 8.2115e-04 t0park inf lifepark 8.2115e-04  rbl 1.126 1.093 1.044 0.978 0.891 0.785 0.669 0.567 0.480 0.402 0.331 0.264 0.204 0.165 0.152 0.150 0.150 0.150 0.150
seed   138 vw1 0.8658 vw0 0.1972 L1 0.3704 H0 0.3217 t1 9.5781e-04 t0 3.0355e-04 life 3.0355e-04 t0park inf lifepark 9.5781e-04  rbl 1.098 1.052 0.988 0.905 0.802 0.685 0.575 0.483 0.402 0.328 0.259 0.199 0.163 0.152 0.150 0.150 0.150 0.150 0.150
seed   139 vw1 0.8692 vw0 0.1952 L1 0.394 H0 0.3431 t1 8.4219e-04 t0 inf life 8.4219e-04 t0park inf lifepark 8.4219e-04  rbl 1.127 1.093 1.044 0.977 0.890 0.784 0.668 0.566 0.479 0.401 0.329 0.261 0.201 0.163 0.152 0.150 0.150 0.150 0.150
seed   140 vw1 0.8276 vw0 0.1890 L1 0.4077 H0 0.3548 t1 9.9565e-04 t0 inf life 9.9565e-04 t0park inf lifepark 9.9565e-04  rbl 1.138 1.109 1.067 1.009 0.931 0.833 0.720 0.615 0.525 0.445 0.372 0.303 0.239 0.186 0.158 0.151 0.150 0.150 0.150
seed   141 vw1 0.8652 vw0 0.1915 L1 0.4349 H0 0.3801 t1 7.3514e-04 t0 inf life 7.3514e-04 t0park inf lifepark 7.3514e-04  rbl 1.159 1.139 1.109 1.067 1.008 0.930 0.831 0.721 0.619 0.531 0.453 0.380 0.312 0.247 0.191 0.160 0.151 0.150 0.150
seed   142 vw1 0.8706 vw0 0.1933 L1 0.4199 H0 0.368 t1 7.1205e-04 t0 inf life 7.1205e-04 t0park inf lifepark 7.1205e-04  rbl 1.150 1.126 1.091 1.042 0.975 0.888 0.782 0.668 0.568 0.483 0.406 0.335 0.268 0.208 0.168 0.153 0.150 0.150 0.150
seed   143 vw1 0.8300 vw0 0.1892 L1 0.3828 H0 0.3305 t1 1.0688e-03 t0 inf life 1.0688e-03 t0park inf lifepark 1.0688e-03  rbl 1.108 1.067 1.009 0.932 0.835 0.723 0.617 0.525 0.444 0.370 0.301 0.236 0.184 0.157 0.151 0.150 0.150 0.150 0.150
seed   144 vw1 0.8002 vw0 0.1882 L1 0.4035 H0 0.35 t1 1.1105e-03 t0 inf life 1.1105e-03 t0park inf lifepark 1.1105e-03  rbl 1.133 1.101 1.057 0.995 0.914 0.812 0.700 0.599 0.511 0.433 0.361 0.292 0.229 0.179 0.156 0.151 0.150 0.150 0.150
seed   145 vw1 0.8508 vw0 0.1925 L1 0.4064 H0 0.3522 t1 9.1643e-04 t0 inf life 9.1643e-04 t0park inf lifepark 9.1643e-04  rbl 1.135 1.105 1.063 1.003 0.922 0.822 0.709 0.607 0.520 0.442 0.370 0.302 0.239 0.185 0.158 0.151 0.150 0.150 0.150
seed   146 vw1 0.8499 vw0 0.1912 L1 0.3999 H0 0.3456 t1 9.4172e-04 t0 inf life 9.4172e-04 t0park inf lifepark 9.4172e-04  rbl 1.127 1.094 1.047 0.982 0.897 0.792 0.681 0.584 0.500 0.424 0.354 0.288 0.226 0.178 0.156 0.151 0.150 0.150 0.150
seed   147 vw1 0.8421 vw0 0.1885 L1 0.4131 H0 0.3639 t1 8.6783e-04 t0 inf life 8.6783e-04 t0park inf lifepark 8.6783e-04  rbl 1.148 1.123 1.087 1.035 0.965 0.875 0.765 0.648 0.546 0.459 0.381 0.309 0.242 0.187 0.158 0.151 0.150 0.150 0.150
seed   148 vw1 0.8024 vw0 0.1937 L1 0.4229 H0 0.3686 t1 1.0730e-03 t0 inf life 1.0730e-03 t0park inf lifepark 1.0730e-03  rbl 1.149 1.125 1.090 1.041 0.974 0.887 0.781 0.672 0.576 0.493 0.418 0.347 0.280 0.219 0.173 0.154 0.150 0.150 0.150
seed   149 vw1 0.8230 vw0 0.1893 L1 0.4619 H0 0.4097 t1 7.8649e-04 t0 inf life 7.8649e-04 t0park inf lifepark 7.8649e-04  rbl 1.175 1.163 1.144 1.117 1.078 1.022 0.947 0.853 0.742 0.633 0.539 0.457 0.383 0.313 0.248 0.193 0.161 0.152 0.150
seed   150 vw1 0.8451 vw0 0.1972 L1 0.394 H0 0.3394 t1 1.0584e-03 t0 inf life 1.0584e-03 t0park inf lifepark 1.0584e-03  rbl 1.119 1.082 1.030 0.960 0.870 0.762 0.654 0.562 0.480 0.406 0.337 0.271 0.210 0.169 0.153 0.150 0.150 0.150 0.150
seed   151 vw1 0.8745 vw0 0.1958 L1 0.407 H0 0.3547 t1 7.7252e-04 t0 inf life 7.7252e-04 t0park inf lifepark 7.7252e-04  rbl 1.139 1.110 1.068 1.010 0.932 0.834 0.720 0.613 0.522 0.443 0.369 0.301 0.236 0.184 0.157 0.151 0.150 0.150 0.150
seed   152 vw1 0.8612 vw0 0.1991 L1 0.3701 H0 0.3167 t1 1.0096e-03 t0 2.7440e-04 life 2.7440e-04 t0park inf lifepark 1.0096e-03  rbl 1.087 1.037 0.970 0.881 0.774 0.663 0.567 0.484 0.408 0.338 0.271 0.211 0.169 0.153 0.150 0.150 0.150 0.150 0.150
seed   153 vw1 0.8197 vw0 0.1883 L1 0.4271 H0 0.3735 t1 9.3130e-04 t0 inf life 9.3130e-04 t0park inf lifepark 9.3130e-04  rbl 1.154 1.132 1.100 1.054 0.991 0.908 0.805 0.693 0.593 0.507 0.429 0.357 0.290 0.227 0.178 0.156 0.151 0.150 0.150
seed   154 vw1 0.8316 vw0 0.1936 L1 0.4076 H0 0.3558 t1 1.0252e-03 t0 inf life 1.0252e-03 t0park inf lifepark 1.0252e-03  rbl 1.139 1.110 1.069 1.011 0.934 0.837 0.725 0.617 0.525 0.444 0.370 0.300 0.235 0.183 0.157 0.151 0.150 0.150 0.150
seed   155 vw1 0.8566 vw0 0.1867 L1 0.3955 H0 0.3444 t1 7.9508e-04 t0 8.8868e-04 life 7.9508e-04 t0park inf lifepark 7.9508e-04  rbl 1.128 1.094 1.046 0.980 0.894 0.789 0.674 0.572 0.484 0.406 0.333 0.265 0.204 0.165 0.152 0.150 0.150 0.150 0.150
seed   156 vw1 0.8573 vw0 0.1903 L1 0.3961 H0 0.3431 t1 8.4296e-04 t0 inf life 8.4296e-04 t0park inf lifepark 8.4296e-04  rbl 1.125 1.091 1.042 0.975 0.887 0.781 0.669 0.571 0.487 0.410 0.339 0.272 0.211 0.169 0.153 0.150 0.150 0.150 0.150
seed   157 vw1 0.8282 vw0 0.1905 L1 0.4441 H0 0.3915 t1 8.3695e-04 t0 inf life 8.3695e-04 t0park inf lifepark 8.3695e-04  rbl 1.167 1.150 1.125 1.089 1.038 0.969 0.880 0.774 0.662 0.564 0.480 0.404 0.333 0.266 0.206 0.166 0.153 0.150 0.150
seed   158 vw1 0.8702 vw0 0.1940 L1 0.4375 H0 0.3864 t1 7.0126e-04 t0 inf life 7.0126e-04 t0park inf lifepark 7.0126e-04  rbl 1.164 1.146 1.120 1.081 1.027 0.954 0.862 0.751 0.638 0.542 0.458 0.383 0.313 0.247 0.191 0.160 0.151 0.150 0.150
seed   159 vw1 0.7964 vw0 0.1921 L1 0.3956 H0 0.3415 t1 1.2395e-03 t0 inf life 1.2395e-03 t0park inf lifepark 1.2395e-03  rbl 1.122 1.087 1.037 0.968 0.879 0.772 0.663 0.568 0.486 0.411 0.341 0.275 0.214 0.170 0.154 0.150 0.150 0.150 0.150
seed   160 vw1 0.8401 vw0 0.1963 L1 0.3824 H0 0.3309 t1 1.1389e-03 t0 inf life 1.1389e-03 t0park inf lifepark 1.1389e-03  rbl 1.110 1.069 1.012 0.936 0.839 0.726 0.617 0.524 0.443 0.369 0.300 0.236 0.183 0.157 0.151 0.150 0.150 0.150 0.150
seed   161 vw1 0.8528 vw0 0.1910 L1 0.408 H0 0.3553 t1 8.5585e-04 t0 inf life 8.5585e-04 t0park inf lifepark 8.5585e-04  rbl 1.138 1.109 1.067 1.009 0.932 0.835 0.722 0.616 0.526 0.446 0.372 0.303 0.239 0.186 0.158 0.151 0.150 0.150 0.150
seed   162 vw1 0.8954 vw0 0.1961 L1 0.4251 H0 0.3741 t1 5.7318e-04 t0 inf life 5.7318e-04 t0park inf lifepark 5.7318e-04  rbl 1.155 1.133 1.102 1.056 0.994 0.912 0.810 0.696 0.590 0.500 0.421 0.348 0.280 0.218 0.172 0.154 0.150 0.150 0.150
seed   163 vw1 0.8362 vw0 0.1945 L1 0.3823 H0 0.3292 t1 1.1068e-03 t0 inf life 1.1068e-03 t0park inf lifepark 1.1068e-03  rbl 1.108 1.067 1.008 0.930 0.831 0.718 0.613 0.523 0.444 0.370 0.301 0.236 0.183 0.157 0.151 0.150 0.150 0.150 0.150
seed   164 vw1 0.8758 vw0 0.1980 L1 0.3979 H0 0.3472 t1 7.6736e-04 t0 6.4215e-04 life 6.4215e-04 t0park inf lifepark 7.6736e-04  rbl 1.132 1.099 1.054 0.990 0.907 0.803 0.687 0.582 0.492 0.414 0.341 0.273 0.212 0.169 0.153 0.150 0.150 0.150 0.150
seed   165 vw1 0.8438 vw0 0.1913 L1 0.4368 H0 0.3897 t1 8.0268e-04 t0 inf life 8.0268e-04 t0park inf lifepark 8.0268e-04  rbl 1.167 1.150 1.125 1.088 1.037 0.967 0.879 0.771 0.651 0.543 0.452 0.372 0.299 0.233 0.181 0.156 0.151 0.150 0.150
seed   166 vw1 0.8248 vw0 0.1934 L1 0.4274 H0 0.3705 t1 9.6412e-04 t0 inf life 9.6412e-04 t0park inf lifepark 9.6412e-04  rbl 1.149 1.125 1.091 1.043 0.977 0.891 0.787 0.681 0.588 0.507 0.433 0.364 0.298 0.236 0.184 0.158 0.151 0.150 0.150
seed   167 vw1 0.8317 vw0 0.1961 L1 0.367 H0 0.3135 t1 1.2572e-03 t0 inf life 1.2572e-03 t0park inf lifepark 1.2572e-03  rbl 1.080 1.029 0.958 0.867 0.758 0.650 0.556 0.474 0.399 0.329 0.262 0.203 0.165 0.152 0.150 0.150 0.150 0.150 0.150
seed   168 vw1 0.8628 vw0 0.1913 L1 0.4449 H0 0.3932 t1 6.7803e-04 t0 inf life 6.7803e-04 t0park inf lifepark 6.7803e-04  rbl 1.168 1.151 1.128 1.093 1.043 0.976 0.889 0.783 0.669 0.569 0.482 0.405 0.334 0.266 0.206 0.167 0.153 0.150 0.150
seed   169 vw1 0.7887 vw0 0.1896 L1 0.451 H0 0.4029 t1 9.1223e-04 t0 inf life 9.1223e-04 t0park inf lifepark 9.1223e-04  rbl 1.174 1.160 1.139 1.110 1.066 1.006 0.927 0.829 0.713 0.599 0.503 0.421 0.346 0.276 0.214 0.170 0.153 0.150 0.150
seed   170 vw1 0.8250 vw0 0.1893 L1 0.4233 H0 0.3647 t1 9.2903e-04 t0 inf life 9.2903e-04 t0park inf lifepark 9.2903e-04  rbl 1.143 1.117 1.079 1.027 0.955 0.863 0.758 0.659 0.572 0.495 0.423 0.354 0.289 0.227 0.179 0.156 0.151 0.150 0.150
seed   171 vw1 0.8243 vw0 0.1915 L1 0.4148 H0 0.3644 t1 1.0034e-03 t0 inf life 1.0034e-03 t0park inf lifepark 1.0034e-03  rbl 1.147 1.122 1.086 1.034 0.965 0.875 0.766 0.651 0.551 0.465 0.388 0.317 0.251 0.194 0.161 0.152 0.150 0.150 0.150
seed   172 vw1 0.8236 vw0 0.1959 L1 0.4258 H0 0.3744 t1 9.8385e-04 t0 inf life 9.8385e-04 t0park inf lifepark 9.8385e-04  rbl 1.155 1.134 1.102 1.057 0.995 0.913 0.812 0.697 0.592 0.503 0.424 0.351 0.283 0.220 0.174 0.154 0.150 0.150 0.150
seed   173 vw1 0.8031 vw0 0.1874 L1 0.4111 H0 0.3591 t1 1.0603e-03 t0 inf life 1.0603e-03 t0park inf lifepark 1.0603e-03  rbl 1.142 1.115 1.076 1.021 0.947 0.852 0.740 0.630 0.536 0.454 0.380 0.310 0.245 0.189 0.159 0.151 0.150 0.150 0.150
seed   174 vw1 0.8825 vw0 0.1965 L1 0.3893 H0 0.3369 t1 7.4900e-04 t0 2.9010e-04 life 2.9010e-04 t0park inf lifepark 7.4900e-04  rbl 1.116 1.078 1.025 0.953 0.861 0.752 0.642 0.547 0.465 0.389 0.319 0.253 0.196 0.162 0.152 0.150 0.150 0.150 0.150
seed   175 vw1 0.8444 vw0 0.1920 L1 0.3865 H0 0.3342 t1 1.0265e-03 t0 inf life 1.0265e-03 t0park inf lifepark 1.0265e-03  rbl 1.114 1.075 1.020 0.946 0.852 0.740 0.631 0.537 0.456 0.382 0.313 0.248 0.192 0.160 0.151 0.150 0.150 0.150 0.150
seed   176 vw1 0.8256 vw0 0.1887 L1 0.4293 H0 0.3719 t1 8.9563e-04 t0 inf life 8.9563e-04 t0park inf lifepark 8.9563e-04  rbl 1.152 1.128 1.095 1.048 0.982 0.897 0.793 0.687 0.594 0.513 0.438 0.369 0.302 0.240 0.187 0.159 0.151 0.150 0.150
seed   177 vw1 0.8309 vw0 0.1902 L1 0.3848 H0 0.3307 t1 1.0858e-03 t0 inf life 1.0858e-03 t0park inf lifepark 1.0858e-03  rbl 1.107 1.066 1.009 0.932 0.835 0.723 0.620 0.531 0.452 0.379 0.311 0.246 0.191 0.160 0.151 0.150 0.150 0.150 0.150
seed   178 vw1 0.8537 vw0 0.1960 L1 0.3997 H0 0.3462 t1 9.4520e-04 t0 inf life 9.4520e-04 t0park inf lifepark 9.4520e-04  rbl 1.128 1.095 1.048 0.983 0.899 0.795 0.683 0.584 0.499 0.422 0.351 0.284 0.222 0.175 0.155 0.151 0.150 0.150 0.150
seed   179 vw1 0.8064 vw0 0.1871 L1 0.4306 H0 0.3806 t1 9.5971e-04 t0 inf life 9.5971e-04 t0park inf lifepark 9.5971e-04  rbl 1.160 1.141 1.112 1.070 1.012 0.935 0.839 0.725 0.613 0.518 0.436 0.361 0.291 0.226 0.177 0.155 0.151 0.150 0.150
seed   180 vw1 0.8327 vw0 0.1937 L1 0.376 H0 0.3231 t1 1.1557e-03 t0 1.5341e-03 life 1.1557e-03 t0park inf lifepark 1.1557e-03  rbl 1.098 1.053 0.991 0.908 0.805 0.691 0.590 0.503 0.426 0.354 0.287 0.224 0.176 0.155 0.151 0.150 0.150 0.150 0.150
seed   181 vw1 0.8368 vw0 0.1895 L1 0.3964 H0 0.3469 t1 9.9194e-04 t0 inf life 9.9194e-04 t0park inf lifepark 9.9194e-04  rbl 1.132 1.100 1.053 0.990 0.906 0.803 0.686 0.578 0.487 0.407 0.333 0.264 0.203 0.165 0.152 0.150 0.150 0.150 0.150
seed   182 vw1 0.8230 vw0 0.1894 L1 0.409 H0 0.3548 t1 1.0281e-03 t0 inf life 1.0281e-03 t0park inf lifepark 1.0281e-03  rbl 1.136 1.107 1.065 1.007 0.929 0.831 0.720 0.617 0.528 0.450 0.377 0.308 0.244 0.189 0.159 0.151 0.150 0.150 0.150
seed   183 vw1 0.8599 vw0 0.1930 L1 0.3858 H0 0.3314 t1 8.9604e-04 t0 4.3567e-04 life 4.3567e-04 t0park inf lifepark 8.9604e-04  rbl 1.110 1.069 1.012 0.935 0.838 0.727 0.623 0.534 0.455 0.382 0.314 0.249 0.193 0.161 0.151 0.150 0.150 0.150 0.150
seed   184 vw1 0.8612 vw0 0.1921 L1 0.408 H0 0.3564 t1 7.8794e-04 t0 inf life 7.8794e-04 t0park inf lifepark 7.8794e-04  rbl 1.140 1.111 1.071 1.013 0.937 0.840 0.728 0.619 0.526 0.445 0.370 0.301 0.235 0.183 0.157 0.151 0.150 0.150 0.150
seed   185 vw1 0.8593 vw0 0.1962 L1 0.4115 H0 0.3609 t1 8.7954e-04 t0 inf life 8.7954e-04 t0park inf lifepark 8.7954e-04  rbl 1.143 1.116 1.078 1.024 0.951 0.859 0.749 0.636 0.539 0.455 0.378 0.307 0.241 0.187 0.158 0.151 0.150 0.150 0.150
seed   186 vw1 0.8422 vw0 0.1931 L1 0.4245 H0 0.3714 t1 8.9295e-04 t0 inf life 8.9295e-04 t0park inf lifepark 8.9295e-04  rbl 1.153 1.130 1.097 1.049 0.984 0.900 0.796 0.684 0.584 0.498 0.421 0.350 0.282 0.220 0.174 0.155 0.151 0.150 0.150
seed   187 vw1 0.8399 vw0 0.1936 L1 0.3734 H0 0.3229 t1 1.1432e-03 t0 9.5551e-04 life 9.5551e-04 t0park inf lifepark 1.1432e-03  rbl 1.100 1.055 0.992 0.910 0.807 0.690 0.584 0.494 0.415 0.342 0.274 0.212 0.169 0.153 0.150 0.150 0.150 0.150 0.150
seed   188 vw1 0.8301 vw0 0.1900 L1 0.4008 H0 0.3478 t1 1.0036e-03 t0 inf life 1.0036e-03 t0park inf lifepark 1.0036e-03  rbl 1.130 1.098 1.052 0.988 0.905 0.802 0.690 0.589 0.502 0.425 0.353 0.285 0.223 0.175 0.155 0.151 0.150 0.150 0.150
seed   189 vw1 0.8376 vw0 0.1950 L1 0.3775 H0 0.3259 t1 1.1352e-03 t0 inf life 1.1352e-03 t0park inf lifepark 1.1352e-03  rbl 1.103 1.059 0.999 0.919 0.818 0.704 0.598 0.508 0.429 0.356 0.287 0.224 0.176 0.155 0.151 0.150 0.150 0.150 0.150
seed   190 vw1 0.8787 vw0 0.1912 L1 0.4214 H0 0.3701 t1 6.3110e-04 t0 inf life 6.3110e-04 t0park inf lifepark 6.3110e-04  rbl 1.152 1.129 1.096 1.048 0.983 0.897 0.793 0.678 0.575 0.487 0.409 0.337 0.270 0.209 0.168 0.153 0.150 0.150 0.150
seed   191 vw1 0.8378 vw0 0.1891 L1 0.3979 H0 0.3499 t1 9.6987e-04 t0 inf life 9.6987e-04 t0park inf lifepark 9.6987e-04  rbl 1.136 1.106 1.062 1.000 0.919 0.818 0.700 0.587 0.492 0.410 0.335 0.265 0.204 0.165 0.152 0.150 0.150 0.150 0.150
seed   192 vw1 0.8519 vw0 0.1922 L1 0.4012 H0 0.3462 t1 8.8153e-04 t0 inf life 8.8153e-04 t0park inf lifepark 8.8153e-04  rbl 1.127 1.094 1.047 0.982 0.897 0.793 0.683 0.587 0.504 0.428 0.357 0.290 0.228 0.179 0.156 0.151 0.150 0.150 0.150
seed   193 vw1 0.8134 vw0 0.1878 L1 0.3988 H0 0.3424 t1 1.0773e-03 t0 inf life 1.0773e-03 t0park inf lifepark 1.0773e-03  rbl 1.121 1.086 1.036 0.967 0.879 0.773 0.668 0.577 0.496 0.422 0.353 0.286 0.224 0.177 0.155 0.151 0.150 0.150 0.150
seed   194 vw1 0.8196 vw0 0.1908 L1 0.415 H0 0.3635 t1 1.0093e-03 t0 inf life 1.0093e-03 t0park inf lifepark 1.0093e-03  rbl 1.146 1.121 1.084 1.032 0.961 0.870 0.761 0.648 0.551 0.466 0.390 0.320 0.253 0.196 0.162 0.152 0.150 0.150 0.150
seed   195 vw1 0.8647 vw0 0.1940 L1 0.4271 H0 0.3774 t1 7.4946e-04 t0 inf life 7.4946e-04 t0park inf lifepark 7.4946e-04  rbl 1.159 1.138 1.108 1.065 1.005 0.926 0.826 0.711 0.600 0.507 0.426 0.351 0.282 0.219 0.172 0.154 0.150 0.150 0.150
seed   196 vw1 0.8354 vw0 0.1937 L1 0.4081 H0 0.3563 t1 1.0023e-03 t0 inf life 1.0023e-03 t0park inf lifepark 1.0023e-03  rbl 1.140 1.111 1.071 1.013 0.937 0.840 0.727 0.619 0.526 0.445 0.372 0.302 0.237 0.184 0.158 0.151 0.150 0.150 0.150
seed   197 vw1 0.8005 vw0 0.1866 L1 0.4028 H0 0.3508 t1 1.1060e-03 t0 inf life 1.1060e-03 t0park inf lifepark 1.1060e-03  rbl 1.135 1.104 1.060 0.999 0.918 0.817 0.703 0.598 0.509 0.430 0.357 0.288 0.224 0.176 0.155 0.151 0.150 0.150 0.150
seed   198 vw1 0.7987 vw0 0.1890 L1 0.4084 H0 0.357 t1 1.1093e-03 t0 inf life 1.1093e-03 t0park inf lifepark 1.1093e-03  rbl 1.141 1.114 1.074 1.017 0.941 0.844 0.731 0.621 0.527 0.446 0.372 0.302 0.237 0.184 0.157 0.151 0.150 0.150 0.150
seed   199 vw1 0.8487 vw0 0.1938 L1 0.3943 H0 0.342 t1 9.8609e-04 t0 inf life 9.8609e-04 t0park inf lifepark 9.8609e-04  rbl 1.123 1.089 1.040 0.972 0.884 0.777 0.664 0.565 0.481 0.405 0.335 0.268 0.209 0.168 0.153 0.150 0.150 0.150 0.150
seed   200 vw1 0.8939 vw0 0.1939 L1 0.4123 H0 0.3629 t1 5.8511e-04 t0 inf life 5.8511e-04 t0park inf lifepark 5.8511e-04  rbl 1.147 1.121 1.084 1.031 0.960 0.870 0.760 0.644 0.543 0.456 0.379 0.307 0.240 0.186 0.158 0.151 0.150 0.150 0.150
