1119 1118
1977 1220
2147 1282
2257 1319
2433 1346
2490 1361
2574 1376
2691 1419
2766 1454
2821 1477
2880 1513
2926 1520
3004 1551
3064 1577
3190 1654
3288 1680
3370 1709
3457 1738
3563 1770
3676 1790
3732 1794
3889 1836
3978 1867
4095 1924
4176 1960
4253 1974
4311 1986
4401 2004
4482 2019
4570 2035
4648 2052
4784 2082
4886 2101
4961 2130
5070 2150
5152 2160
5257 2187
5345 2202
5448 2233
5523 2245
5633 2262
5723 2274
5808 2286
5896 2302
6009 2311
6086 2321
6184 2336
6252 2348
6315 2356
6420 2383
6494 2387
6669 2430
6807 2452
6960 2488
7046 2495
7144 2510
7224 2516
7336 2530
7426 2543
7561 2559
7646 2574
7710 2583
7778 2590
7884 2610
7974 2641
8113 2661
8206 2675
8318 2696
8391 2705
8451 2724
8575 2747
8670 2766
8741 2774
8861 2791
8966 2801
9057 2817
9134 2824
9272 2851
9336 2855
9411 2861
9532 2875
9615 2898
9718 2906
9833 2933
9969 2951
10084 2978
10146 2982
10219 2988
10327 3000
10398 3009
10536 3019
10635 3031
10717 3042
10793 3053
10891 3066
10958 3079
11057 3085
11141 3090
11244 3103
11335 3121
11462 3131
11532 3138
11626 3153
11730 3168
11818 3179
11885 3182
11917 3182
11980 3186
12089 3199
12197 3213
12294 3220
12379 3234
12453 3243
12561 3255
12625 3258
12706 3266
12839 3298
12925 3304
13008 3317
13091 3331
13169 3340
13232 3354
13323 3363
13384 3370
13437 3373
13524 3390
13597 3393
13684 3399
13754 3403
13811 3412
13856 3413
13888 3413
13972 3426
14059 3432
14115 3434
14177 3439
14275 3445
14345 3449
14449 3459
14521 3464
14592 3470
14676 3480
14756 3486
14794 3489
14873 3507
14924 3509
14988 3515
15032 3527
15111 3533
15163 3534
15223 3537
15304 3546
15341 3547
15391 3551
15486 3560
15557 3565
15627 3570
15748 3592
15813 3597
15915 3612
15947 3612
16034 3621
16096 3624
16147 3628
16225 3635
16293 3641
16384 3649
16430 3650
16480 3652
16544 3659
16641 3671
16689 3673
16725 3675
16810 3682
16888 3686
16964 3688
17025 3695
17133 3701
17205 3705
17286 3715
17353 3719
17417 3723
17490 3729
17552 3733
17608 3737
17646 3738
17749 3749
17809 3751
17874 3761
17914 3763
17977 3766
18054 3770
18101 3772
18155 3775
18224 3779
18268 3780
18336 3786
18444 3795
18527 3807
18573 3810
18658 3822
18732 3830
18824 3838
18870 3839
18929 3842
18978 3846
19048 3854
19103 3860
19170 3867
19229 3871
19272 3875
19325 3877
19373 3880
19427 3888
19485 3890
19540 3893
19579 3896
19711 3908
19804 3915
19873 3923
19935 3925
20000 3932
