RM_IHPSG13_1P_BITKIT_16x2_CORNER None
RM_IHPSG13_1P_BITKIT_16x2_EDGE_LR ((-1.61, -1.435), (0.15000000000000013, 17.485))
RM_IHPSG13_1P_BITKIT_16x2_EDGE_TB None
RM_IHPSG13_1P_BITKIT_16x2_LE_con_corner None
RM_IHPSG13_1P_BITKIT_16x2_LE_con_edge_lr None
RM_IHPSG13_1P_BITKIT_16x2_POWER_ramblk ((0.15999999999999992, -1.41), (8.59, 17.485))
RM_IHPSG13_1P_BITKIT_16x2_SRAM ((-0.1499999999999999, -1.435), (5.77, 17.485))
RM_IHPSG13_1P_BITKIT_CELL ((-1.555, -0.9950000000000002), (1.5550000000000002, 0.995))
RM_IHPSG13_1P_BITKIT_CELL_2x1 ((-1.555, -0.9950000000000002), (1.5550000000000002, 2.0650000000000004))
RM_IHPSG13_1P_BITKIT_CELL_CORNER ((-0.20500000000000002, -0.39), (1.555, 0.49))
RM_IHPSG13_1P_BITKIT_CELL_SUB ((-1.555, -0.995), (0.20500000000000002, 0.995))
RM_IHPSG13_1P_BITKIT_EDGE_LR ((-1.555, -0.995), (0.20500000000000002, 0.995))
RM_IHPSG13_1P_BITKIT_TAP ((-1.555, -0.39), (1.67, 0.395))

== RM_IHPSG13_1P_BITKIT_CELL ((-1.555, -0.9950000000000002), (1.5550000000000002, 0.995))
references: ['lvsres_db_0x0283509a', 'lvsres_db_0x0283509a', 'lvsres_db_0x02834b9a', 'RM_IHPSG13_1P_BITKIT_CELL_SUB', 'RM_IHPSG13_1P_BITKIT_CELL_SUB']
(1, 0) 14
    [(0.305, 0.32), (0.305, 0.02), (0.105, 0.02), (0.105, 0.32)]
    [(0.305, -0.385), (0.305, -0.685), (0.105, -0.685), (0.105, -0.385)]
    [(0.305, 0.21), (0.305, -0.66), (0.155, -0.66), (0.155, 0.21)]
    [(1.145, 0.15), (1.145, -0.66), (0.845, -0.66), (0.845, 0.15)]
    [(1.145, 0.685), (1.145, -0.15), (0.845, -0.15), (0.845, 0.685)]
    [(0.845, 0.385), (0.845, 0.685), (1.145, 0.685), (1.145, 0.385)]
    [(1.145, -0.385), (1.145, -0.685), (0.845, -0.685), (0.845, -0.385)]
    [(-0.305, -0.32), (-0.305, -0.02), (-0.105, -0.02), (-0.105, -0.32)]
    [(-0.305, 0.385), (-0.305, 0.685), (-0.105, 0.685), (-0.105, 0.385)]
    [(-0.305, -0.21), (-0.305, 0.66), (-0.155, 0.66), (-0.155, -0.21)]
    [(-1.145, -0.15), (-1.145, 0.66), (-0.845, 0.66), (-0.845, -0.15)]
    [(-1.145, -0.685), (-1.145, 0.15), (-0.845, 0.15), (-0.845, -0.685)]
    [(-0.845, -0.385), (-0.845, -0.685), (-1.145, -0.685), (-1.145, -0.385)]
    [(-1.145, 0.385), (-1.145, 0.685), (-0.845, 0.685), (-0.845, 0.385)]
(5, 0) 12
    [(0.445, -0.16), (0.445, -0.29), (0.025, -0.29), (0.025, -0.16)]
    [(0.705, -0.16), (0.705, -0.29), (0.37, -0.29), (0.37, -0.16)]
    [(1.315, -0.19), (1.315, -0.32), (0.625, -0.32), (0.625, -0.19)]
    [(1.315, 0.32), (1.315, 0.19), (0.665, 0.19), (0.665, 0.32)]
    [(1.555, 0.32), (1.555, 0.02), (1.255, 0.02), (1.255, 0.32)]
    [(0.705, -0.02), (0.705, -0.32), (0.405, -0.32), (0.405, -0.02)]
    [(-0.445, 0.16), (-0.445, 0.29), (-0.025, 0.29), (-0.025, 0.16)]
    [(-0.705, 0.16), (-0.705, 0.29), (-0.37, 0.29), (-0.37, 0.16)]
    [(-1.315, 0.19), (-1.315, 0.32), (-0.625, 0.32), (-0.625, 0.19)]
    [(-1.315, -0.32), (-1.315, -0.19), (-0.665, -0.19), (-0.665, -0.32)]
    [(-1.555, -0.32), (-1.555, -0.02), (-1.255, -0.02), (-1.255, -0.32)]
    [(-0.705, 0.02), (-0.705, 0.32), (-0.405, 0.32), (-0.405, 0.02)]
(6, 0) 16
    [(0.285, 0.25), (0.285, 0.09), (0.125, 0.09), (0.125, 0.25)]
    [(0.285, -0.455), (0.285, -0.615), (0.125, -0.615), (0.125, -0.455)]
    [(1.075, 0.08), (1.075, -0.08), (0.915, -0.08), (0.915, 0.08)]
    [(1.075, 0.08), (1.075, -0.08), (0.915, -0.08), (0.915, 0.08)]
    [(0.915, 0.455), (0.915, 0.615), (1.075, 0.615), (1.075, 0.455)]
    [(1.075, -0.455), (1.075, -0.615), (0.915, -0.615), (0.915, -0.455)]
    [(1.485, 0.25), (1.485, 0.09), (1.325, 0.09), (1.325, 0.25)]
    [(0.635, -0.09), (0.635, -0.25), (0.475, -0.25), (0.475, -0.09)]
    [(-0.285, -0.25), (-0.285, -0.09), (-0.125, -0.09), (-0.125, -0.25)]
    [(-0.285, 0.455), (-0.285, 0.615), (-0.125, 0.615), (-0.125, 0.455)]
    [(-1.075, -0.08), (-1.075, 0.08), (-0.915, 0.08), (-0.915, -0.08)]
    [(-1.075, -0.08), (-1.075, 0.08), (-0.915, 0.08), (-0.915, -0.08)]
    [(-0.915, -0.455), (-0.915, -0.615), (-1.075, -0.615), (-1.075, -0.455)]
    [(-1.075, 0.455), (-1.075, 0.615), (-0.915, 0.615), (-0.915, 0.455)]
    [(-1.485, -0.25), (-1.485, -0.09), (-1.325, -0.09), (-1.325, -0.25)]
    [(-0.635, 0.09), (-0.635, 0.25), (-0.475, 0.25), (-0.475, 0.09)]
(8, 0) 24
    [(1.125, 0.64), (1.125, 0.43), (0.355, 0.43), (0.355, 0.64)]
    [(1.535, 0.255), (1.535, -0.145), (1.275, -0.145), (1.275, 0.255)]
    [(1.075, 0.25), (1.075, 0.09), (0.0, 0.09), (0.0, 0.25)]
    [(0.285, 0.25), (0.285, 0.09), (0.125, 0.09), (0.125, 0.25)]
    [(0.335, -0.43), (0.335, -0.64), (-0.145, -0.64), (-0.145, -0.43)]
    [(1.075, 0.15), (1.075, -0.15), (0.915, -0.15), (0.915, 0.15)]
    [(0.685, -0.09), (0.685, -0.25), (-0.0, -0.25), (-0.0, -0.09)]
    [(0.83, -0.43), (0.83, -0.64), (1.405, -0.64), (1.405, -0.43)]
    [(0.865, 0.455), (0.865, 0.615), (1.125, 0.615), (1.125, 0.455)]
    [(1.125, -0.455), (1.125, -0.615), (0.865, -0.615), (0.865, -0.455)]
    [(1.535, 0.25), (1.535, 0.09), (1.275, 0.09), (1.275, 0.25)]
    [(0.685, -0.09), (0.685, -0.25), (0.425, -0.25), (0.425, -0.09)]
    [(-1.125, -0.64), (-1.125, -0.43), (-0.355, -0.43), (-0.355, -0.64)]
    [(-1.535, -0.255), (-1.535, 0.145), (-1.275, 0.145), (-1.275, -0.255)]
    [(-1.075, -0.25), (-1.075, -0.09), (0.0, -0.09), (0.0, -0.25)]
    [(-0.285, -0.25), (-0.285, -0.09), (-0.125, -0.09), (-0.125, -0.25)]
    [(-0.335, 0.43), (-0.335, 0.64), (0.145, 0.64), (0.145, 0.43)]
    [(-1.075, -0.15), (-1.075, 0.15), (-0.915, 0.15), (-0.915, -0.15)]
    [(-0.685, 0.09), (-0.685, 0.25), (0.0, 0.25), (0.0, 0.09)]
    [(-0.83, 0.43), (-0.83, 0.64), (-1.405, 0.64), (-1.405, 0.43)]
    [(-0.865, -0.455), (-0.865, -0.615), (-1.125, -0.615), (-1.125, -0.455)]
    [(-1.125, 0.455), (-1.125, 0.615), (-0.865, 0.615), (-0.865, 0.455)]
    [(-1.535, -0.25), (-1.535, -0.09), (-1.275, -0.09), (-1.275, -0.25)]
    [(-0.685, 0.09), (-0.685, 0.25), (-0.425, 0.25), (-0.425, 0.09)]
(10, 0) 10
    [(-0.4, -0.5), (-0.6, -0.5), (-0.6, 0.5), (-0.4, 0.5)]
    [(0.6, -0.5), (0.4, -0.5), (0.4, 0.5), (0.6, 0.5)]
    [(1.505, 0.36), (1.305, 0.36), (1.305, -0.36), (1.505, -0.36)]
    [(1.095, 0.68), (0.895, 0.68), (0.895, -0.68), (1.095, -0.68)]
    [(0.6, 0.68), (0.4, 0.68), (0.4, -0.68), (0.6, -0.68)]
    [(0.1, 0.68), (-0.1, 0.68), (-0.1, -0.68), (0.1, -0.68)]
    [(-1.505, -0.36), (-1.305, -0.36), (-1.305, 0.36), (-1.505, 0.36)]
    [(-1.095, -0.68), (-0.895, -0.68), (-0.895, 0.68), (-1.095, 0.68)]
    [(-0.6, -0.68), (-0.4, -0.68), (-0.4, 0.68), (-0.6, 0.68)]
    [(-0.1, -0.68), (0.1, -0.68), (0.1, 0.68), (-0.1, 0.68)]
(10, 2) 11
    [(-0.6, -0.63), (-0.6, -0.44), (-0.4, -0.44), (-0.4, -0.63)]
    [(-1.095, -0.68), (-1.095, 0.68), (-0.895, 0.68), (-0.895, -0.68)]
    [(0.895, -0.68), (0.895, 0.68), (1.095, 0.68), (1.095, -0.68)]
    [(0.4, 0.44), (0.4, 0.63), (0.6, 0.63), (0.6, 0.44)]
    [(-0.1, -0.68), (-0.1, 0.68), (0.1, 0.68), (0.1, -0.68)]
    [(-0.6, 0.44), (-0.6, 0.63), (-0.4, 0.63), (-0.4, 0.44)]
    [(0.4, -0.63), (0.4, -0.44), (0.6, -0.44), (0.6, -0.63)]
    [(-0.4, 0.3), (-0.6, 0.3), (-0.6, 0.5), (-0.4, 0.5)]
    [(-0.4, -0.5), (-0.6, -0.5), (-0.6, -0.3), (-0.4, -0.3)]
    [(0.6, 0.3), (0.4, 0.3), (0.4, 0.5), (0.6, 0.5)]
    [(0.6, -0.5), (0.4, -0.5), (0.4, -0.3), (0.6, -0.3)]
(10, 29) 2
    [(-0.4, -0.3), (-0.6, -0.3), (-0.6, 0.3), (-0.4, 0.3)]
    [(0.6, -0.3), (0.4, -0.3), (0.4, 0.3), (0.6, 0.3)]
(14, 0) 2
    [(0.405, 0.865), (0.525, 0.745), (0.525, -0.745), (0.405, -0.865), (-0.12, -0.865), (-0.12, 0.865)]
    [(-0.405, -0.865), (-0.525, -0.745), (-0.525, 0.745), (-0.405, 0.865), (0.12, 0.865), (0.12, -0.865)]
(16, 0) 1
    [(-1.555, -0.995), (-1.555, 0.995), (1.555, 0.995), (1.555, -0.995)]
(19, 0) 9
    [(-1.5, -0.095), (-1.5, 0.095), (-1.31, 0.095), (-1.31, -0.095)]
    [(0.595, 0.63), (0.595, 0.44), (0.405, 0.44), (0.405, 0.63)]
    [(1.09, -0.44), (1.09, -0.63), (0.9, -0.63), (0.9, -0.44)]
    [(0.095, -0.44), (0.095, -0.63), (-0.095, -0.63), (-0.095, -0.44)]
    [(1.5, 0.095), (1.5, -0.095), (1.31, -0.095), (1.31, 0.095)]
    [(-0.595, -0.63), (-0.595, -0.44), (-0.405, -0.44), (-0.405, -0.63)]
    [(-1.09, 0.44), (-1.09, 0.63), (-0.9, 0.63), (-0.9, 0.44)]
    [(-0.095, 0.44), (-0.095, 0.63), (0.095, 0.63), (0.095, 0.44)]
    [(-1.5, -0.095), (-1.5, 0.095), (-1.31, 0.095), (-1.31, -0.095)]
(25, 0) 1
    [(-1.555, -0.995), (-1.555, 0.995), (1.555, 0.995), (1.555, -0.995)]
(29, 0) 2
    [(1.31, -0.095), (1.31, 0.095), (1.5, 0.095), (1.5, -0.095)]
    [(-1.5, -0.095), (-1.5, 0.095), (-1.31, 0.095), (-1.31, -0.095)]
(30, 0) 2
    [(1.55, -0.1), (1.55, 0.1), (-1.55, 0.1), (-1.55, -0.1)]
    [(0.5, 0.1), (0.5, -0.1), (-0.5, -0.1), (-0.5, 0.1)]
(30, 2) 4
    [(-1.55, -0.1), (-1.55, 0.1), (-1.5, 0.1), (-1.5, -0.1)]
    [(1.5, -0.1), (1.5, 0.1), (1.55, 0.1), (1.55, -0.1)]
    [(-0.3, 0.1), (-0.3, -0.1), (-0.5, -0.1), (-0.5, 0.1)]
    [(0.5, 0.1), (0.5, -0.1), (0.3, -0.1), (0.3, 0.1)]
(30, 29) 1
    [(0.3, 0.1), (0.3, -0.1), (-0.3, -0.1), (-0.3, 0.1)]
(31, 0) 2
    [(0.575, 0.995), (0.575, -0.995), (-0.205, -0.995), (-0.205, 0.995)]
    [(-0.575, -0.995), (-0.575, 0.995), (0.205, 0.995), (0.205, -0.995)]
label BLT_TOP 10 25 (-0.5, 0.535)
label BLT_BOT 10 25 (-0.5, -0.535)
label VSS 10 25 (0.995, -0.02)
label VSS 10 25 (-0.995, 0.0)
label VDD 10 25 (0.0, 0.0)
label BLC_TOP 10 25 (0.5, 0.535)
label BLC_BOT 10 25 (0.5, -0.535)
label RWL 30 25 (1.525, 0.0)
label LWL 30 25 (-1.525, 0.0)
label MINUS 63 0 (-0.5, 0.4)
label PLUS 63 0 (-0.5, -0.4)
label MINUS 63 0 (0.5, 0.4)
label PLUS 63 0 (0.5, -0.4)
label MINUS 63 0 (-0.4, 0.0)
label PLUS 63 0 (0.4, -0.0)
label pmos 63 0 (0.33, -0.225)
label nmos 63 0 (0.995, -0.255)
label nmos 63 0 (0.995, 0.255)
label pmos 63 0 (-0.33, 0.225)
label nmos 63 0 (-0.995, 0.255)
label nmos 63 0 (-0.995, -0.255)
