33 1170
65 1171
97 1212
129 1226
161 1229
193 1251
225 1252
257 1256
289 1266
321 1267
353 1267
385 1267
417 1268
449 1268
481 1282
513 1283
545 1283
577 1283
609 1290
641 1295
673 1295
705 1295
737 1295
769 1296
801 1296
833 1299
865 1299
897 1302
929 1311
961 1311
993 1311
1025 1319
1057 1323
1089 1326
1121 1332
1153 1332
1185 1332
1217 1340
1249 1340
1281 1340
1313 1340
1345 1345
1377 1345
1409 1345
1441 1361
1473 1367
1505 1367
1537 1371
1569 1371
1601 1371
1633 1371
1665 1378
1697 1378
1729 1378
1761 1384
1793 1384
1825 1384
1857 1388
1889 1388
1921 1389
1953 1394
1985 1397
2017 1397
2049 1444
2081 1444
2113 1444
2145 1444
2177 1444
2209 1471
2241 1472
2273 1472
2305 1488
2337 1492
2369 1494
2401 1494
2433 1498
2465 1498
2497 1498
2529 1498
2561 1498
2593 1501
2625 1502
2657 1502
2689 1502
2721 1514
2753 1517
2785 1517
2817 1519
2849 1519
2881 1519
2913 1519
2945 1519
2977 1520
3009 1520
3041 1520
3073 1520
3105 1520
3137 1520
3169 1520
3201 1520
3233 1520
3265 1520
3297 1522
3329 1530
3361 1530
3393 1530
3425 1530
3457 1530
3489 1530
3521 1530
3553 1531
3585 1536
3617 1536
3649 1537
3681 1537
3713 1537
3745 1537
3777 1539
3809 1539
3841 1542
3873 1550
3905 1550
3937 1550
3969 1550
4001 1553
4033 1553
4065 1553
4097 1559
4129 1561
4161 1561
4193 1561
4225 1561
4257 1561
4289 1564
4321 1565
4353 1565
4385 1565
4417 1565
4449 1565
4481 1565
4513 1565
4545 1565
4577 1565
4609 1573
4641 1577
4673 1579
4705 1579
4737 1579
4769 1579
4801 1579
4833 1579
4865 1579
4897 1579
4929 1579
4961 1579
4993 1581
5025 1581
5057 1581
5089 1582
5121 1582
5153 1582
5185 1582
5217 1585
5249 1585
5281 1585
5313 1585
5345 1585
5377 1585
5409 1586
5441 1586
5473 1586
5505 1586
5537 1586
5569 1586
5601 1586
5633 1586
5665 1586
5697 1586
5729 1588
5761 1588
5793 1588
5825 1588
5857 1588
5889 1588
5921 1588
5953 1588
5985 1588
6017 1588
6049 1588
6081 1588
6113 1588
6145 1588
6177 1588
6209 1588
6241 1588
6273 1589
6305 1605
6337 1605
6369 1605
6401 1605
6433 1605
6465 1605
6497 1605
6529 1605
6561 1605
6593 1605
6625 1606
6657 1608
6689 1608
6721 1608
6753 1608
6785 1611
6817 1611
6849 1611
6881 1611
6913 1611
6945 1611
6977 1611
7009 1611
7041 1612
7073 1612
7105 1612
7137 1616
7169 1616
7201 1616
7233 1616
7265 1616
7297 1616
7329 1616
7361 1616
7393 1616
7425 1616
7457 1616
7489 1616
7521 1616
7553 1616
7585 1616
7617 1616
7649 1616
7681 1616
7713 1616
7745 1618
7777 1620
7809 1620
7841 1620
7873 1623
7905 1623
7937 1626
7969 1626
8001 1626
8033 1626
8065 1626
8097 1626
8129 1626
8161 1629
8193 1629
8225 1629
8257 1629
8289 1629
8321 1629
8353 1629
8385 1629
8417 1629
8449 1629
8481 1629
8513 1632
8545 1632
8577 1634
8609 1634
8641 1634
8673 1634
8705 1634
8737 1636
8769 1638
8801 1638
8833 1638
8865 1641
8897 1641
8929 1641
8961 1643
8993 1643
9025 1645
9057 1645
9089 1645
9121 1645
9153 1645
9185 1645
9217 1645
9249 1646
9281 1646
9313 1646
9345 1646
9377 1646
9409 1646
9441 1650
9473 1650
9505 1650
9537 1650
9569 1650
9601 1650
9633 1650
9665 1650
9697 1650
9729 1650
9761 1652
9793 1652
9825 1652
9857 1652
9889 1652
9921 1652
9953 1652
9985 1652
10017 1652
10049 1652
10081 1652
10113 1652
10145 1652
10177 1652
10209 1661
10241 1664
10273 1665
10305 1665
10337 1665
10369 1666
10401 1666
10433 1666
10465 1666
10497 1666
10529 1666
10561 1666
10593 1673
10625 1673
10657 1673
10689 1673
10721 1673
10753 1673
10785 1673
10817 1673
10849 1673
10881 1674
10913 1674
10945 1674
10977 1674
11009 1674
11041 1674
11073 1674
11105 1674
11137 1674
11169 1674
11201 1674
11233 1674
11265 1674
11297 1674
11329 1674
11361 1674
11393 1674
11425 1675
11457 1675
11489 1675
11521 1675
11553 1675
11585 1675
11617 1675
11649 1675
11681 1675
11713 1675
11745 1675
11777 1675
11809 1678
11841 1678
11873 1678
11905 1690
11937 1690
11969 1690
12001 1690
12033 1690
12065 1690
12097 1690
12129 1690
12161 1690
12193 1690
12225 1690
12257 1690
12289 1690
12321 1690
12353 1690
12385 1690
12417 1693
12449 1693
12481 1693
12513 1693
12545 1693
12577 1695
12609 1697
12641 1697
12673 1699
12705 1699
12737 1699
12769 1699
12801 1700
12833 1700
12865 1700
12897 1700
12929 1700
12961 1711
12993 1711
13025 1711
13057 1713
13089 1713
13121 1714
13153 1714
13185 1714
13217 1714
13249 1714
13281 1714
13313 1714
13345 1714
13377 1714
13409 1717
13441 1717
13473 1717
13505 1717
13537 1717
13569 1718
13601 1718
13633 1718
13665 1718
13697 1718
13729 1718
13761 1718
13793 1718
13825 1718
13857 1718
13889 1720
13921 1720
13953 1720
13985 1720
14017 1720
14049 1720
14081 1720
14113 1720
14145 1720
14177 1720
14209 1720
14241 1720
14273 1720
14305 1720
14337 1720
14369 1720
14401 1720
14433 1720
14465 1720
14497 1720
14529 1722
14561 1722
14593 1727
14625 1727
14657 1727
14689 1727
14721 1727
14753 1728
14785 1731
14817 1731
14849 1734
14881 1734
14913 1734
14945 1734
14977 1734
15009 1735
15041 1741
15073 1741
15105 1741
15137 1741
15169 1741
15201 1741
15233 1741
15265 1744
15297 1744
15329 1744
15361 1744
15393 1744
15425 1744
15457 1746
15489 1746
15521 1746
15553 1746
15585 1748
15617 1748
15649 1748
15681 1748
15713 1751
15745 1751
15777 1751
15809 1751
15841 1751
15873 1751
15905 1751
15937 1751
15969 1751
16001 1751
16033 1751
16065 1752
16097 1752
16129 1752
16161 1752
16193 1752
16225 1752
16257 1752
16289 1752
16321 1752
16353 1752
16385 1752
16417 1752
16449 1753
16481 1753
16513 1753
16545 1754
16577 1756
16609 1761
16641 1761
16673 1761
16705 1761
16737 1761
16769 1761
16801 1761
16833 1761
16865 1761
16897 1761
16929 1761
16961 1761
16993 1761
17025 1761
17057 1761
17089 1761
17121 1761
17153 1761
17185 1764
17217 1764
17249 1764
17281 1764
17313 1764
17345 1764
17377 1764
17409 1764
17441 1764
17473 1764
17505 1764
17537 1764
17569 1764
17601 1764
17633 1764
17665 1764
17697 1764
17729 1764
17761 1764
17793 1764
17825 1764
17857 1764
17889 1764
17921 1764
17953 1764
17985 1764
18017 1764
18049 1764
18081 1764
18113 1764
18145 1764
18177 1766
18209 1766
18241 1766
18273 1766
18305 1766
18337 1766
18369 1766
18401 1766
18433 1766
18465 1766
18497 1766
18529 1766
18561 1766
18593 1766
18625 1766
18657 1766
18689 1766
18721 1766
18753 1766
18785 1766
18817 1767
18849 1767
18881 1767
18913 1767
18945 1767
18977 1767
19009 1767
19041 1767
19073 1767
19105 1767
19137 1767
19169 1767
19201 1767
19233 1767
19265 1767
19297 1769
19329 1769
19361 1770
19393 1770
19425 1770
19457 1770
19489 1773
19521 1773
19553 1773
19585 1773
19617 1773
19649 1773
19681 1773
19713 1773
19745 1773
19777 1773
19809 1773
19841 1773
19873 1773
19905 1773
19937 1773
19969 1773
20001 1773
