00000 features=638 size=23 p=5 tap=49 reset=false scheme=1 ops=2,1,3,2,1,2,1,3,2,0,0,1,1,3,2,1,3,3,2,0,1,0,3,3,2,3,0,1,3,1,1,3,1,2,1,0,1,0,0,3,1,3,0,0,2,0,2,1,2,0,2,2,1,2,1,2,1,0,0,1,0,0,3,1 ks=0,145,0,0,144,0,0,0,172,0,143,137,0,58,168,0,0,79,0,215,249,195,0,0,0,184,178,0,155,0,0,7,0,0,133,0,0,114,0,0,20,0,0,0,0,0,0,0,0,0,0,177,0,47,0,0,0,25,124,0,0,0,133,0
00001 features=939 size=64 p=10 tap=41 reset=false scheme=3 ops=3,2,2,1,2,3,0,0,1,0,3,0,0,3,1,2,1,1,1,1,2,3,3,3,1,2,2,3,0,3,1,3,0,3,1,0,2,0,2,1,1,0,2,3,0,3,0,2,0,1,0,0,0,1,0,0,3,3,1,0,3,0,1,0 ks=232,16,140,123,158,38,197,191,60,192,80,161,160,122,94,122,126,68,91,168,181,200,202,240,137,211,194,34,245,131,103,56,71,233,42,171,183,245,141,107,135,203,74,44,252,246,146,188,233,150,40,219,174,254,42,135,135,54,238,252,140,195,154,94
00002 features=693 size=20 p=1 tap=43 reset=false scheme=3 ops=0,2,1,2,3,2,0,1,0,2,1,2,0,1,0,0,0,0,1,1,1,1,0,3,2,0,3,3,0,2,0,0,2,1,0,0,3,3,1,2,1,2,1,2,2,3,3,0,3,3,2,3,2,1,3,3,3,3,3,1,3,1,1,1 ks=205,0,18,119,0,0,0,0,0,0,19,80,0,0,85,0,0,247,7,0,0,0,0,0,0,62,0,0,191,153,0,187,0,0,0,0,0,0,0,0,0,21,84,0,0,0,0,41,31,0,0,0,0,0,232,237,0,0,0,0,30,53,0,0
00003 features=1003 size=64 p=10 tap=62 reset=true scheme=2 ops=0,2,0,2,1,0,0,0,0,1,2,0,1,1,1,2,3,1,1,0,1,1,1,1,1,2,0,2,0,0,0,1,1,1,0,1,3,1,1,2,0,1,1,0,3,0,2,3,1,1,0,2,0,0,1,1,1,2,2,2,2,2,3,3 ks=80,254,86,148,160,47,40,88,199,135,36,72,120,63,21,21,41,195,12,141,163,116,117,80,146,70,42,125,214,162,229,231,211,11,195,242,201,236,126,65,59,220,14,243,220,89,26,255,25,239,27,215,100,138,186,215,6,255,203,14,253,133,254,140
00004 features=994 size=64 p=5 tap=56 reset=false scheme=5 ops=3,1,1,0,0,3,1,3,3,2,1,1,0,3,3,2,1,2,0,3,2,1,3,0,2,0,1,3,3,3,3,1,1,1,3,3,2,0,1,0,1,1,1,0,3,3,1,3,3,0,1,2,0,3,2,1,0,0,2,3,3,2,0,0 ks=244,185,54,234,224,71,134,117,121,216,219,147,172,76,227,165,215,226,120,93,184,195,216,25,198,189,65,7,179,37,233,228,120,125,218,112,245,241,94,71,202,187,120,176,87,227,50,28,40,175,199,13,60,37,128,79,198,13,217,211,123,75,232,17
00005 features=995 size=50 p=5 tap=56 reset=true scheme=0 ops=2,2,1,3,1,2,2,0,0,1,0,3,3,2,0,3,1,2,1,3,2,0,0,0,3,0,1,1,1,3,2,0,0,1,0,3,3,1,3,3,3,2,2,2,3,1,0,3,3,0,3,0,3,1,2,1,2,2,3,2,0,3,0,3 ks=5,127,43,159,157,23,0,38,117,101,182,0,237,151,138,57,54,160,247,165,3,0,0,100,0,141,73,67,231,0,195,0,7,127,251,254,210,223,60,0,230,93,0,73,46,198,203,219,72,63,27,0,0,174,26,52,4,42,91,0,0,0,143,164
00006 features=720 size=43 p=1 tap=60 reset=false scheme=5 ops=3,1,0,1,1,0,0,2,1,0,1,1,3,1,3,2,3,0,1,2,1,0,1,2,3,0,0,3,3,0,0,2,2,0,1,0,3,3,2,3,1,1,3,3,2,1,2,0,1,2,0,0,0,3,2,3,0,1,0,0,3,3,0,2 ks=217,0,104,135,98,26,72,129,27,0,0,0,0,0,239,115,66,136,215,207,0,99,0,183,0,0,30,89,0,11,37,170,36,0,156,249,83,110,215,0,30,0,0,0,130,82,5,37,0,143,0,210,159,215,164,0,0,77,110,0,96,190,115,166
00007 features=874 size=28 p=10 tap=40 reset=true scheme=2 ops=0,0,1,0,1,3,3,0,2,1,3,2,1,1,1,0,0,1,3,1,2,0,1,0,3,2,3,3,3,3,3,0,3,2,1,3,2,0,3,1,3,3,0,0,2,3,1,2,0,3,3,0,1,3,3,3,0,2,2,0,0,1,2,3 ks=0,0,189,0,0,230,0,0,5,0,110,0,0,230,253,39,0,188,0,202,116,242,35,0,30,0,153,255,0,0,185,0,0,59,38,0,244,0,0,104,0,131,81,0,0,0,0,120,0,195,112,0,0,0,0,0,0,96,0,0,0,167,211,0
00008 features=1017 size=63 p=2 tap=60 reset=false scheme=1 ops=2,2,1,1,3,2,1,3,2,1,0,1,3,1,3,3,0,1,2,1,0,3,1,3,0,3,0,0,3,2,1,2,2,1,1,2,1,3,0,3,1,0,0,1,3,0,2,3,1,2,3,3,1,3,3,1,1,2,2,2,1,1,0,3 ks=120,107,66,145,140,73,211,220,209,115,22,132,0,190,151,163,75,88,150,215,154,238,185,102,75,249,20,23,163,141,14,158,232,76,138,122,251,241,129,26,167,154,74,95,13,242,77,242,3,135,245,178,151,110,190,154,226,154,194,78,59,142,58,243
00009 features=840 size=22 p=5 tap=52 reset=true scheme=1 ops=3,0,1,1,0,0,1,1,2,2,0,0,0,0,3,0,2,3,1,0,3,1,3,3,0,0,0,0,2,3,3,3,1,2,0,0,3,3,3,1,0,3,3,1,3,2,0,0,1,0,0,1,0,2,1,3,1,2,2,2,1,3,1,1 ks=0,0,44,52,207,0,0,236,0,133,0,0,4,0,202,0,0,121,0,248,0,0,202,0,0,0,0,0,42,0,102,206,135,0,0,204,0,0,84,0,0,9,0,0,52,0,0,0,218,0,0,0,205,0,0,0,0,0,0,192,0,0,0,193
00010 features=576 size=18 p=5 tap=14 reset=false scheme=4 ops=3,1,2,2,2,2,3,3,1,3,2,2,1,1,1,3,3,1,2,2,2,1,1,0,3,3,3,0,0,1,3,3,1,2,0,3,2,3,1,3,3,0,1,1,0,1,2,2,1,0,0,3,3,1,3,3,0,0,1,0,2,2,0,3 ks=0,53,0,0,217,198,0,0,0,0,0,0,0,0,0,0,139,0,19,0,234,0,0,0,160,64,0,0,93,0,0,211,0,173,0,0,0,0,0,0,0,0,0,0,0,0,0,229,0,0,0,0,53,103,0,199,232,0,0,0,0,102,34,0
00011 features=895 size=29 p=2 tap=63 reset=true scheme=4 ops=0,3,2,0,1,2,3,2,2,0,2,2,1,1,2,3,1,0,1,1,0,1,3,3,2,0,2,1,2,0,3,1,2,1,0,1,0,2,0,0,0,2,1,0,0,2,3,1,3,2,3,0,0,1,3,3,3,3,2,0,3,3,0,2 ks=0,110,252,81,64,0,56,186,0,161,0,155,152,0,0,0,0,0,71,174,0,68,0,0,0,0,0,0,201,0,0,119,0,243,192,0,0,196,0,0,160,0,0,0,140,0,0,185,0,180,39,233,0,0,201,105,171,93,117,0,131,0,0,0
00012 features=868 size=41 p=1 tap=13 reset=false scheme=3 ops=0,1,2,2,3,0,2,0,2,1,0,3,3,1,3,0,3,3,1,0,3,1,2,1,2,3,0,2,1,1,2,2,2,2,0,0,2,2,1,0,0,3,0,0,2,1,0,0,2,2,2,3,3,3,3,3,2,3,0,0,3,0,0,1 ks=47,0,0,251,0,211,174,0,0,0,151,105,184,138,48,213,0,0,124,14,145,158,0,0,186,0,120,0,17,140,106,253,166,170,0,38,91,115,0,236,32,129,53,0,225,180,93,0,0,0,253,0,234,43,0,0,244,0,243,230,139,0,199,250
00013 features=973 size=47 p=2 tap=55 reset=true scheme=0 ops=1,1,0,1,3,3,0,0,3,3,2,3,0,3,2,3,3,2,1,0,2,2,1,2,2,0,3,1,0,1,1,3,3,3,2,0,1,3,2,0,1,1,0,0,3,1,2,0,2,0,0,3,1,0,3,0,2,2,0,1,0,0,3,3 ks=116,156,210,14,0,66,55,130,74,0,194,0,0,126,77,0,52,78,203,0,168,145,0,203,253,46,176,216,242,25,73,0,105,170,70,53,50,21,76,0,93,183,0,131,186,0,208,137,115,0,0,159,242,13,0,0,0,18,181,104,127,0,55,240
00014 features=720 size=23 p=10 tap=25 reset=false scheme=5 ops=0,2,1,1,2,0,0,0,3,3,3,0,3,3,1,0,3,0,0,2,3,2,3,3,1,1,1,0,0,0,0,3,1,2,2,1,1,1,2,3,2,0,0,0,3,1,1,1,3,2,1,0,2,0,3,0,3,2,2,1,2,0,0,3 ks=0,0,224,0,0,164,0,0,133,63,0,0,0,0,0,0,0,0,0,0,163,11,0,255,234,156,45,0,0,221,0,0,0,107,0,0,20,0,141,0,0,214,18,128,0,0,0,0,253,0,78,0,0,0,0,88,220,0,0,0,0,0,145,130
00015 features=942 size=41 p=10 tap=20 reset=true scheme=1 ops=1,1,3,3,0,0,0,0,1,2,2,0,1,1,1,0,3,3,2,1,1,0,0,2,2,0,1,1,2,3,3,2,3,2,0,1,2,3,1,0,2,3,3,0,2,0,1,2,2,1,1,0,2,3,3,1,1,2,0,1,3,2,0,3 ks=211,145,66,0,0,0,86,90,243,172,0,75,88,246,0,0,0,58,0,44,36,158,0,231,113,246,74,141,0,180,218,0,0,220,0,91,0,191,186,181,13,0,0,0,120,0,50,0,37,3,121,0,122,8,0,0,45,95,0,239,13,87,99,248
00016 features=989 size=64 p=1 tap=41 reset=false scheme=5 ops=3,0,1,2,2,2,3,1,0,3,2,0,2,0,0,2,3,2,2,0,1,2,3,3,0,0,1,2,1,0,2,1,2,3,2,3,3,0,2,0,0,0,0,0,1,0,3,1,3,3,3,2,1,2,3,3,2,0,2,2,0,2,3,0 ks=199,147,204,194,118,194,240,244,71,48,239,182,61,110,26,191,171,150,84,139,186,42,230,13,173,245,113,237,128,87,148,24,228,32,83,18,204,236,98,48,160,52,32,96,10,195,163,15,101,238,108,176,170,244,186,123,212,33,127,49,48,148,67,62
00017 features=985 size=63 p=5 tap=8 reset=false scheme=4 ops=2,2,0,2,3,2,1,2,3,2,3,0,2,3,0,0,3,1,0,2,1,2,0,2,2,3,2,1,2,0,3,0,2,3,0,3,2,0,2,3,2,2,0,0,1,2,0,1,3,3,0,2,0,0,1,0,0,3,1,2,1,2,3,2 ks=141,91,236,252,168,99,41,80,129,227,168,59,166,248,21,107,120,151,250,0,102,104,212,169,175,10,72,175,159,94,236,155,95,202,172,175,199,158,251,126,43,174,36,6,30,40,87,28,131,169,208,206,136,238,27,58,91,40,246,29,190,51,27,5
00018 features=798 size=17 p=2 tap=13 reset=true scheme=0 ops=2,1,3,3,1,1,2,0,1,3,2,1,1,2,1,2,3,1,3,2,0,0,3,1,3,0,0,0,3,3,2,0,3,1,2,0,3,2,3,0,3,1,2,1,2,2,3,3,1,2,0,2,2,0,2,0,1,1,1,0,1,3,0,3 ks=0,0,0,0,0,151,0,0,0,0,0,0,0,0,93,153,0,0,0,0,0,0,0,131,44,0,0,129,0,0,165,0,49,0,0,129,0,0,65,0,0,0,0,222,0,0,0,192,0,0,50,17,0,0,235,0,0,22,0,0,0,94,0,0
00019 features=757 size=20 p=5 tap=16 reset=false scheme=0 ops=0,1,0,0,2,0,1,0,1,3,2,0,3,3,2,2,2,0,1,2,1,3,2,0,0,1,3,2,3,0,2,3,2,2,0,1,1,0,2,3,1,1,2,2,3,0,2,1,1,0,0,2,0,2,0,0,1,3,0,3,2,2,1,0 ks=199,0,0,66,0,0,0,0,0,0,176,0,0,47,0,132,0,0,0,9,0,0,0,0,95,0,0,0,227,0,147,0,0,179,0,0,230,0,196,128,0,68,0,137,0,0,0,42,0,0,0,0,0,18,190,0,0,0,0,0,174,0,219,0
00020 features=676 size=21 p=10 tap=38 reset=true scheme=3 ops=0,1,2,1,2,3,3,1,1,1,0,1,2,1,3,2,1,0,1,0,2,3,1,2,3,0,2,1,2,0,3,3,3,3,2,1,1,0,0,1,1,0,1,0,2,3,0,0,0,3,1,3,3,2,0,2,3,3,0,1,1,2,1,3 ks=0,0,91,0,144,0,0,10,0,0,0,0,0,118,0,254,0,0,0,0,0,71,0,0,80,181,0,0,0,0,0,81,127,0,51,192,0,134,64,0,221,0,0,9,0,185,0,0,16,71,250,0,0,181,0,0,0,0,0,0,0,0,0,0
00021 features=621 size=26 p=10 tap=17 reset=false scheme=3 ops=2,3,2,2,3,2,2,2,1,3,3,0,1,2,0,2,0,2,1,2,2,2,2,3,2,2,2,2,0,1,3,3,0,1,1,1,0,3,3,2,3,2,1,3,3,2,1,2,3,0,3,1,2,2,3,3,3,2,1,2,3,1,0,2 ks=0,201,122,0,0,1,0,0,0,0,131,0,0,92,111,51,221,0,216,21,25,140,0,126,73,183,0,0,0,7,0,0,0,0,0,0,83,89,46,0,0,0,0,0,0,0,0,0,74,246,196,0,0,173,0,0,66,4,0,0,62,0,0,0
00022 features=1008 size=64 p=2 tap=53 reset=true scheme=5 ops=0,3,3,2,0,3,3,2,1,0,2,2,2,0,1,1,0,0,3,3,2,2,2,3,1,2,3,0,3,2,1,2,1,0,1,3,2,2,3,3,3,2,3,2,3,1,3,0,1,2,0,0,3,3,1,3,2,0,3,0,3,3,3,1 ks=229,95,207,88,114,59,43,1,173,190,235,79,149,157,11,53,159,166,237,94,86,115,248,34,164,64,28,249,18,39,236,161,196,88,102,131,103,82,245,17,11,79,107,61,77,138,188,132,200,229,82,164,93,230,40,207,48,22,135,86,14,172,131,104
00023 features=918 size=45 p=10 tap=57 reset=true scheme=3 ops=0,0,3,1,1,3,3,1,2,1,3,2,0,3,0,3,2,1,2,2,3,2,2,3,3,2,0,3,2,0,1,0,1,0,0,2,3,2,0,0,3,3,0,0,2,1,3,0,1,1,2,0,2,3,1,3,1,0,2,0,2,1,1,1 ks=0,36,98,190,0,15,213,84,246,199,120,0,114,221,0,0,0,129,23,154,138,189,6,54,239,129,0,0,194,0,46,73,0,121,116,0,68,249,141,0,0,0,0,183,84,37,183,0,136,0,56,3,0,0,19,183,178,126,29,13,252,32,140,232
00024 features=920 size=48 p=10 tap=44 reset=true scheme=1 ops=3,0,0,2,1,0,3,2,1,2,1,2,3,3,0,1,3,3,1,2,1,2,2,0,3,1,3,0,3,1,3,0,3,0,1,3,0,0,3,0,0,0,0,0,3,1,3,2,0,2,3,1,1,2,1,1,0,3,1,2,1,0,0,3 ks=87,194,0,125,236,100,188,66,146,76,0,0,137,138,0,95,73,70,217,218,72,0,245,152,134,0,76,168,71,151,0,162,108,157,0,0,214,112,109,197,246,63,250,214,7,239,93,64,10,0,0,108,0,64,155,249,103,0,0,0,238,0,17,129
00025 features=730 size=12 p=10 tap=26 reset=false scheme=2 ops=3,3,0,3,2,3,1,3,3,1,1,0,3,3,3,0,0,3,2,2,2,0,0,2,3,0,0,3,2,1,2,2,1,3,3,3,3,0,0,3,1,0,1,1,2,1,2,0,1,2,1,3,2,3,0,1,3,2,2,2,0,1,1,0 ks=0,0,0,173,0,122,0,0,0,0,0,0,0,0,0,0,0,90,0,73,0,0,0,0,0,0,0,0,0,75,0,0,0,0,36,0,0,0,50,36,0,0,0,0,0,243,0,0,0,0,0,0,0,0,3,179,0,0,0,194,0,0,0,0
00026 features=871 size=40 p=10 tap=24 reset=true scheme=3 ops=2,1,0,0,2,0,2,0,2,1,3,3,2,3,0,2,1,0,0,0,3,1,0,3,0,0,1,0,1,0,2,0,2,2,1,1,0,1,1,1,2,2,3,3,3,3,2,0,2,1,2,0,3,0,3,0,2,0,0,0,3,0,0,0 ks=0,103,0,0,192,69,249,17,84,245,0,108,0,0,0,0,11,0,0,38,176,0,68,162,180,188,59,87,110,0,0,0,0,232,129,158,0,155,16,192,0,126,34,0,250,197,0,0,196,58,243,164,246,62,0,184,77,24,0,140,0,208,0,153
00027 features=588 size=16 p=1 tap=16 reset=false scheme=5 ops=2,3,3,0,3,0,2,2,3,1,1,2,2,2,3,0,0,1,1,0,0,2,3,3,3,1,3,0,1,1,3,1,0,1,2,1,2,2,2,1,3,0,0,3,1,0,2,0,1,2,1,3,3,0,0,3,3,1,0,2,0,2,1,0 ks=0,0,230,0,0,0,0,0,0,0,74,0,228,0,0,0,0,0,0,0,0,0,0,71,0,0,0,0,0,198,0,0,0,0,0,0,213,0,0,0,248,0,0,0,0,155,182,0,0,0,0,66,223,0,0,30,0,0,165,103,0,56,213,0
00028 features=759 size=23 p=1 tap=51 reset=true scheme=3 ops=1,1,2,2,1,3,0,2,1,0,3,0,1,0,3,0,3,3,2,0,3,3,1,0,3,2,2,2,0,2,1,0,3,0,3,2,1,3,2,3,0,3,0,3,1,1,3,3,1,2,1,2,0,3,0,2,1,3,2,2,0,2,3,0 ks=197,0,211,0,0,0,0,181,168,0,0,0,48,0,188,0,127,0,0,4,0,0,227,0,0,0,2,0,0,0,201,0,0,0,0,98,0,0,58,180,0,231,0,0,0,0,205,9,95,0,0,0,34,0,0,0,0,104,152,0,139,0,170,0
00029 features=848 size=18 p=5 tap=31 reset=true scheme=5 ops=0,0,0,0,3,1,2,3,0,2,1,2,0,3,1,0,1,0,3,3,1,3,1,1,3,2,3,2,1,1,3,3,3,2,0,1,1,0,2,3,2,1,0,3,1,0,0,3,0,3,0,1,2,3,0,3,3,2,2,0,0,0,0,3 ks=0,0,0,0,0,0,0,0,0,149,133,0,205,0,22,0,191,228,0,0,0,45,10,0,57,0,0,0,0,0,0,0,0,0,0,139,0,0,0,0,0,0,0,244,0,123,85,0,143,0,0,0,0,0,0,0,140,0,117,158,0,120,0,0
00030 features=932 size=64 p=10 tap=47 reset=true scheme=3 ops=1,2,1,3,1,1,3,0,0,1,0,3,2,2,2,2,1,1,1,2,3,2,2,0,2,2,1,2,2,3,3,2,3,2,0,0,3,2,0,0,1,1,0,1,3,0,1,2,2,0,0,1,0,0,0,3,3,1,3,0,2,0,1,3 ks=144,218,114,42,100,57,209,173,97,215,181,196,39,204,216,143,245,45,20,180,80,34,200,105,185,247,212,73,158,132,202,223,146,159,119,147,249,171,107,36,165,33,44,244,102,196,98,99,138,126,181,150,144,103,220,132,130,136,176,218,89,161,134,56
00031 features=994 size=64 p=1 tap=1 reset=true scheme=3 ops=1,3,1,0,2,2,0,1,2,1,2,2,0,2,3,1,3,3,2,3,3,0,2,3,2,1,0,0,2,2,1,1,1,0,3,0,2,3,3,0,3,0,0,3,3,3,2,3,1,1,3,2,2,2,1,3,0,2,3,3,0,1,1,2 ks=94,254,226,184,45,226,50,132,44,145,83,93,201,35,41,126,67,62,81,49,242,80,240,122,249,198,139,8,103,126,2,232,148,77,111,20,46,199,22,180,141,180,6,56,81,196,26,23,55,117,37,150,50,139,76,12,225,4,200,147,1,8,164,164
00032 features=776 size=29 p=2 tap=36 reset=true scheme=3 ops=0,0,0,0,1,3,0,0,3,1,3,0,2,2,0,1,2,1,2,1,0,3,0,1,2,3,1,0,3,1,1,0,2,3,3,3,2,0,1,0,2,2,3,3,0,0,1,2,0,1,1,2,3,1,3,1,0,0,0,0,2,1,0,0 ks=174,0,178,0,168,0,64,206,0,0,0,0,0,205,136,0,0,10,219,0,45,0,0,148,70,0,0,185,221,225,0,0,0,219,188,0,81,20,125,0,0,170,0,0,0,0,95,232,97,193,0,6,180,0,0,0,0,0,184,0,0,0,96,0
00033 features=727 size=19 p=1 tap=56 reset=true scheme=4 ops=3,1,3,1,1,3,1,1,1,3,3,1,1,3,3,1,1,0,1,3,2,2,0,0,1,1,3,1,2,2,0,1,3,1,3,2,1,0,2,2,3,3,0,2,0,1,3,2,2,3,1,0,3,1,3,2,1,2,1,2,3,0,2,3 ks=221,0,0,0,0,0,93,0,0,21,49,0,0,85,0,0,214,0,19,0,0,0,61,214,0,40,0,41,190,0,0,48,0,0,0,0,112,0,0,81,0,0,78,0,0,0,0,0,0,0,191,0,0,0,0,196,0,0,0,74,0,0,0,0
00034 features=967 size=64 p=2 tap=27 reset=true scheme=3 ops=1,0,0,2,3,3,1,1,3,1,3,1,1,1,1,2,0,2,2,0,0,3,3,0,3,0,0,0,1,2,3,1,3,2,3,0,2,2,0,0,0,3,3,1,0,2,1,0,2,3,1,2,0,0,3,2,1,1,1,0,2,3,3,0 ks=239,161,109,84,108,32,39,138,85,94,171,42,184,116,52,186,41,44,253,255,103,53,59,230,135,245,9,31,151,95,20,147,75,82,191,5,176,170,215,84,227,213,48,215,34,77,247,115,164,79,147,227,175,135,138,4,20,63,68,255,34,14,30,5
00035 features=887 size=21 p=2 tap=53 reset=true scheme=5 ops=1,0,3,1,1,1,2,0,1,2,2,2,0,1,2,3,3,0,0,2,2,0,1,1,0,0,2,3,1,2,2,0,2,1,1,0,3,0,0,1,1,0,3,2,1,0,2,3,3,2,1,0,0,2,2,3,2,2,0,1,0,2,0,3 ks=0,0,0,207,0,0,9,169,170,0,11,0,84,39,0,0,197,0,0,0,0,65,0,0,0,0,0,0,0,0,0,0,0,0,7,72,0,0,0,82,0,0,176,0,218,142,0,0,0,225,0,0,0,0,172,92,196,0,0,19,0,74,0,0
00036 features=941 size=46 p=10 tap=26 reset=true scheme=1 ops=1,1,2,2,0,1,2,3,1,3,0,3,3,1,0,0,2,3,3,2,0,2,2,1,3,2,3,2,3,1,3,3,2,0,3,1,3,3,3,0,0,2,3,1,1,0,3,2,3,3,3,0,1,3,1,1,2,2,2,2,3,0,0,0 ks=0,214,144,64,243,90,0,175,16,167,60,3,195,0,107,36,0,252,187,135,54,0,87,0,192,64,251,116,0,92,142,92,13,202,199,0,192,122,0,144,150,218,104,0,192,0,137,58,0,0,2,151,0,103,230,94,0,217,82,0,48,0,0,54
00037 features=953 size=44 p=10 tap=52 reset=true scheme=5 ops=3,2,2,0,1,3,1,3,3,0,1,1,1,3,3,2,0,2,1,1,0,1,3,3,3,3,1,2,2,1,2,1,2,0,2,3,2,0,3,0,2,0,2,3,0,3,2,3,1,2,1,3,1,0,1,3,1,2,0,2,1,3,2,0 ks=96,11,179,195,251,0,47,188,105,248,78,123,10,0,135,177,0,241,49,4,0,79,190,160,250,0,20,93,0,221,0,13,77,0,12,230,79,0,209,38,152,212,0,0,0,0,0,0,0,143,82,0,28,36,13,137,0,163,0,152,9,117,42,0
00038 features=872 size=24 p=10 tap=38 reset=true scheme=0 ops=1,1,2,0,2,3,3,2,0,0,1,0,3,3,0,0,1,2,1,0,3,3,3,1,0,0,3,1,0,3,1,2,0,3,0,2,2,0,3,2,2,2,0,3,0,2,1,2,3,3,0,0,3,1,2,3,2,1,1,3,0,1,0,2 ks=0,91,96,34,63,0,0,0,0,0,126,233,0,0,0,0,3,0,0,6,0,6,74,162,255,0,0,244,194,245,0,0,0,0,250,0,0,0,0,15,0,0,0,197,122,0,163,253,0,151,0,0,0,0,0,0,0,88,0,0,0,0,188,0
00039 features=736 size=19 p=1 tap=19 reset=false scheme=1 ops=2,3,2,3,2,0,0,3,1,0,0,0,1,1,1,3,3,2,2,3,0,3,2,3,1,0,1,1,0,2,3,0,0,2,2,1,1,2,1,0,0,2,3,1,1,1,3,2,0,1,3,3,3,2,0,1,3,3,3,0,0,0,2,0 ks=141,0,0,0,0,140,38,0,0,0,203,0,83,14,163,0,195,0,0,0,0,0,0,0,0,106,0,15,65,0,0,0,0,122,0,0,0,66,0,33,0,0,0,119,0,0,0,6,0,0,0,0,0,165,0,0,111,0,0,0,0,0,224,0
00040 features=934 size=64 p=10 tap=21 reset=true scheme=3 ops=3,3,1,0,0,3,1,0,2,1,3,2,0,3,0,1,0,1,0,1,3,3,3,0,3,2,1,1,3,1,1,0,0,3,1,1,0,2,1,2,3,1,2,3,3,1,3,0,1,1,0,3,1,3,3,2,1,2,3,0,1,2,2,3 ks=15,190,253,11,14,18,106,182,164,38,194,151,223,234,56,219,166,29,56,6,143,87,39,194,165,192,15,142,88,173,180,163,250,139,53,218,115,8,139,138,75,193,60,199,154,189,172,1,164,164,180,167,119,35,217,243,225,249,95,7,4,139,106,72
00041 features=874 size=47 p=5 tap=30 reset=true scheme=3 ops=2,1,3,3,3,3,3,1,2,0,1,0,3,1,1,2,3,2,3,1,1,2,2,2,3,3,2,1,1,0,3,3,2,2,1,0,0,0,3,1,0,1,3,1,0,1,0,0,0,2,0,0,0,1,0,2,2,2,3,0,2,3,3,3 ks=37,93,0,23,75,0,0,0,179,62,105,4,73,50,4,242,0,91,0,0,100,106,0,99,110,211,106,209,0,0,46,47,63,0,244,233,43,251,0,151,0,153,214,16,66,74,1,207,151,0,242,155,0,254,0,184,112,95,0,21,84,254,236,180
00042 features=646 size=16 p=2 tap=45 reset=false scheme=1 ops=3,2,1,0,3,2,1,2,2,2,0,0,0,0,2,1,1,0,0,3,3,2,3,1,3,2,1,1,2,2,2,2,0,1,0,1,3,2,1,2,3,3,3,2,3,1,0,0,2,3,3,2,2,3,2,3,0,2,0,2,1,0,3,1 ks=0,0,0,241,0,0,0,0,0,0,0,0,0,158,168,0,247,0,0,0,13,0,130,0,0,0,0,0,0,125,0,188,213,101,218,0,0,0,175,0,0,252,0,192,0,0,0,0,0,0,0,0,105,0,0,0,0,0,0,0,138,0,0,0
00043 features=982 size=64 p=1 tap=63 reset=true scheme=3 ops=3,2,1,2,1,2,3,0,2,2,2,0,1,3,2,1,1,1,2,1,3,2,3,3,2,1,1,1,0,2,2,3,1,3,0,3,2,3,3,1,3,2,1,2,0,2,2,2,2,1,0,3,3,1,0,0,3,2,3,1,0,2,1,0 ks=242,4,80,244,127,52,167,22,200,156,86,24,209,233,232,147,12,213,240,63,196,11,220,167,47,98,11,213,248,53,75,39,121,103,16,226,216,222,53,184,37,104,112,150,235,77,55,137,174,210,232,144,219,194,249,172,18,9,148,23,182,24,59,44
00044 features=762 size=28 p=5 tap=44 reset=true scheme=3 ops=1,2,1,2,3,3,2,3,1,2,0,3,0,0,0,3,0,1,0,3,2,0,3,1,3,3,2,3,0,3,2,0,3,1,2,0,0,3,3,2,1,3,1,3,3,0,2,0,0,0,2,1,2,0,2,2,1,0,0,0,3,2,3,1 ks=0,0,0,0,0,0,0,124,0,81,77,0,0,0,220,175,176,137,133,0,0,0,98,118,0,231,0,38,246,0,222,0,0,192,0,0,0,0,125,0,80,231,0,0,116,0,0,28,5,167,254,0,10,3,0,217,0,0,0,0,181,155,0,0
00045 features=889 size=26 p=1 tap=16 reset=true scheme=4 ops=3,0,2,1,1,1,3,2,2,2,3,3,3,0,1,0,3,3,3,3,0,0,3,3,2,0,3,0,1,3,2,0,2,1,2,3,0,2,2,0,2,3,3,2,1,0,2,0,1,1,0,0,1,0,3,0,0,2,2,2,0,1,1,0 ks=0,0,0,98,217,0,0,211,94,0,45,0,0,252,0,29,27,235,0,112,17,121,0,71,0,0,0,156,0,0,0,0,0,69,78,4,0,0,0,187,54,0,0,0,157,0,0,223,0,102,4,0,0,0,0,0,0,0,66,0,254,0,0,103
00046 features=1031 size=64 p=10 tap=30 reset=true scheme=2 ops=1,1,1,2,3,0,2,0,1,2,2,2,2,0,1,1,3,2,3,3,0,1,0,3,2,2,1,1,1,1,3,0,2,3,3,2,3,3,1,2,3,1,2,3,0,0,2,0,3,3,2,1,3,2,2,3,3,2,0,1,2,2,0,3 ks=118,22,87,183,159,229,32,15,19,178,177,17,72,132,239,139,31,238,159,174,123,18,14,143,106,14,233,88,167,114,68,155,210,67,188,97,14,171,35,14,2,3,203,15,143,107,100,230,197,200,144,157,57,100,213,94,57,253,68,207,112,181,105,208
00047 features=886 size=46 p=1 tap=18 reset=true scheme=5 ops=1,1,3,1,2,0,2,1,3,1,2,3,3,2,2,1,2,3,1,0,3,3,3,1,1,1,0,2,0,2,0,0,0,1,3,3,1,2,2,2,1,2,0,3,3,2,2,3,1,2,2,1,1,2,1,3,0,1,0,3,3,0,3,2 ks=170,61,0,187,192,0,240,186,0,131,34,142,61,165,237,0,0,106,80,45,213,241,186,27,0,0,0,0,58,0,44,215,34,246,0,159,0,111,241,0,248,183,35,246,172,0,21,147,0,199,69,0,0,178,186,233,133,74,111,234,74,192,61,0
00048 features=786 size=23 p=10 tap=24 reset=true scheme=0 ops=3,2,3,3,3,3,1,3,2,0,1,1,2,3,1,2,1,2,2,2,3,1,3,3,3,1,2,2,0,3,2,3,0,3,3,2,3,2,1,3,1,0,2,2,0,3,1,3,3,3,0,2,1,0,1,3,3,1,0,1,1,0,2,1 ks=0,251,0,0,250,76,111,0,80,0,233,0,89,0,0,225,0,0,0,145,0,81,0,237,153,188,0,0,0,106,0,47,171,0,0,175,0,0,95,0,228,0,0,142,0,0,0,247,0,0,0,0,0,0,0,0,0,184,3,0,0,0,0,0
00049 features=744 size=22 p=2 tap=23 reset=true scheme=3 ops=3,0,1,1,3,1,0,1,1,3,1,3,3,0,1,1,3,1,3,2,1,2,0,2,3,0,1,2,3,1,3,2,2,3,1,0,0,1,1,0,0,2,0,0,0,1,0,2,2,2,1,1,0,2,3,2,3,2,0,1,3,2,3,3 ks=0,0,0,0,92,0,0,0,0,218,0,0,0,156,0,0,0,18,86,196,0,65,229,0,83,0,95,0,66,0,200,103,18,0,72,0,213,0,0,0,239,0,93,0,0,0,0,0,69,0,0,0,0,31,0,194,0,0,0,0,0,0,0,172
00050 features=759 size=17 p=10 tap=9 reset=true scheme=1 ops=3,2,3,1,0,1,2,3,2,3,3,2,2,2,1,3,3,1,1,0,0,1,3,0,2,1,3,2,3,2,3,1,0,2,0,2,0,3,2,0,0,3,1,0,2,2,0,1,2,3,3,2,2,0,2,0,1,1,0,0,2,3,0,3 ks=0,0,0,0,0,0,0,0,0,23,108,0,78,0,0,220,0,0,0,0,0,133,0,91,0,0,0,255,0,0,135,0,135,0,132,0,0,0,0,0,249,0,0,0,129,0,0,0,0,0,42,0,0,28,0,252,0,31,0,0,0,0,0,158
00051 features=746 size=15 p=2 tap=19 reset=true scheme=3 ops=2,1,3,0,1,2,3,1,1,2,3,1,3,3,0,3,2,1,2,3,0,2,1,1,0,2,3,3,2,3,2,1,3,2,3,3,3,1,1,3,0,3,1,1,1,2,0,0,3,2,0,2,2,0,0,0,1,3,1,3,2,1,1,0 ks=200,112,179,0,206,0,114,0,0,0,0,0,0,0,0,0,120,0,0,0,0,0,0,0,0,1,0,0,224,83,0,0,0,120,0,0,155,107,0,195,0,0,0,0,0,41,0,0,0,155,0,0,0,0,0,0,0,0,0,0,0,0,0,0
00052 features=898 size=46 p=2 tap=3 reset=true scheme=0 ops=3,0,3,3,2,1,3,3,1,0,2,3,0,2,3,2,3,0,1,2,3,2,3,1,1,2,0,1,1,2,2,0,1,2,0,2,3,2,3,1,0,2,0,3,3,0,2,1,3,0,3,2,0,2,2,2,3,0,1,0,2,3,0,3 ks=241,47,173,72,0,122,0,247,230,130,165,177,70,0,139,200,70,0,230,118,0,29,133,0,167,0,219,17,10,24,9,165,203,14,218,0,28,36,153,88,204,0,219,93,0,0,10,0,106,109,45,81,107,135,84,19,0,0,0,169,0,0,255,0
00053 features=699 size=21 p=10 tap=4 reset=true scheme=3 ops=3,0,3,3,3,1,3,0,0,2,1,2,2,3,3,3,0,2,0,2,0,0,3,3,1,0,3,1,3,3,2,1,0,0,3,3,3,0,3,3,1,2,1,2,3,0,0,1,0,1,1,0,2,3,0,2,3,2,3,1,3,1,0,2 ks=56,150,0,0,66,0,0,0,0,198,0,0,164,0,0,0,0,0,0,0,0,230,0,198,0,179,0,0,0,0,8,254,0,116,0,0,23,0,160,0,0,0,0,0,0,0,0,68,0,0,76,0,0,34,113,0,83,0,0,0,61,8,0,119
00054 features=842 size=24 p=5 tap=24 reset=true scheme=5 ops=3,2,3,1,2,0,3,0,0,2,3,1,1,3,3,3,1,3,1,2,2,3,1,1,2,2,3,1,0,3,2,2,0,2,2,2,3,2,0,3,3,3,3,0,2,0,1,3,1,2,0,1,0,3,3,1,3,1,0,3,1,2,2,3 ks=166,93,226,0,0,0,0,192,0,107,147,0,0,0,56,26,139,214,0,0,0,0,0,0,132,0,0,165,195,196,0,0,0,228,14,0,0,0,0,0,0,96,67,108,178,0,92,0,0,0,136,0,101,0,0,0,0,0,0,0,0,0,100,0
00055 features=1013 size=63 p=10 tap=23 reset=true scheme=5 ops=0,1,0,2,3,2,1,1,2,2,3,0,2,0,3,0,3,2,3,0,2,2,3,3,1,3,0,1,1,2,2,3,1,0,3,2,0,1,0,2,0,2,3,2,2,3,2,2,2,0,2,3,1,1,1,1,2,2,3,3,3,1,0,3 ks=253,166,212,200,110,31,253,91,188,4,93,116,75,149,123,241,114,228,195,224,124,34,251,60,128,98,227,109,192,249,213,26,140,115,134,12,98,188,60,46,105,183,64,188,38,18,168,234,137,2,0,238,210,10,15,119,197,185,91,223,236,28,85,13
00056 features=797 size=45 p=2 tap=12 reset=false scheme=4 ops=2,3,3,3,2,1,2,3,2,0,2,0,3,3,1,3,1,3,0,1,0,1,3,0,2,1,1,2,0,3,2,2,2,1,2,0,0,3,0,0,2,0,2,3,0,3,1,0,0,1,0,2,0,3,0,2,3,0,1,0,2,2,0,3 ks=0,0,0,171,232,217,52,50,195,0,183,186,0,0,0,140,0,0,0,159,0,248,185,46,198,0,137,154,197,44,190,68,87,0,199,226,40,0,0,228,215,24,38,0,241,157,79,220,41,0,142,112,167,130,150,104,0,105,180,1,84,0,127,53
00057 features=887 size=40 p=1 tap=5 reset=false scheme=1 ops=1,2,3,3,0,3,0,2,3,1,3,0,2,2,1,1,2,0,1,0,0,0,2,2,2,2,3,1,3,3,2,2,1,2,2,0,3,1,2,3,2,1,0,0,2,3,0,0,0,1,1,1,2,0,2,1,3,1,3,3,3,1,3,1 ks=0,0,0,62,154,253,220,0,245,15,145,0,3,0,0,77,77,213,32,0,0,0,2,0,1,135,85,0,4,0,245,0,11,0,96,0,0,246,0,95,0,92,0,248,0,236,0,43,99,33,71,0,85,151,54,121,226,145,184,61,235,216,87,0
00058 features=728 size=20 p=5 tap=10 reset=false scheme=4 ops=3,1,2,1,0,3,0,0,3,1,3,3,2,1,2,3,2,3,3,3,3,3,1,0,0,3,1,1,1,3,3,3,0,0,3,3,2,0,0,2,1,0,2,2,0,2,3,1,2,0,2,2,1,2,1,3,0,0,3,3,0,2,0,0 ks=0,185,0,0,0,0,0,0,238,0,0,0,0,0,147,0,0,0,243,0,0,0,0,0,0,87,0,0,0,227,0,0,0,233,117,0,0,0,25,0,0,0,159,28,0,251,0,27,63,0,0,0,0,4,0,128,38,0,0,48,0,168,47,0
00059 features=965 size=63 p=5 tap=57 reset=true scheme=3 ops=0,3,0,0,0,3,0,1,1,2,0,1,3,0,0,1,3,1,3,0,2,3,0,2,0,3,3,1,3,3,2,1,2,1,3,2,0,1,1,3,1,1,1,1,1,0,0,0,3,1,3,3,2,0,1,2,3,3,1,3,3,0,2,0 ks=119,176,227,243,29,172,54,65,25,50,47,115,80,130,217,113,238,110,104,116,147,21,242,174,113,126,59,194,248,105,42,37,0,244,182,97,18,131,36,114,74,188,210,234,51,83,29,42,242,68,168,158,56,180,79,236,253,24,117,31,51,76,138,67
00060 features=735 size=20 p=5 tap=42 reset=true scheme=3 ops=3,1,0,0,2,0,3,1,1,0,1,1,0,0,1,0,1,0,2,0,3,2,0,2,1,1,1,1,2,1,1,0,2,0,2,0,1,1,0,3,3,3,3,1,3,0,3,2,2,2,1,3,0,2,3,1,1,2,0,3,1,0,0,3 ks=0,0,0,116,0,0,0,0,0,146,0,0,0,0,0,0,0,18,0,12,0,0,254,0,0,0,108,0,0,0,0,22,197,0,153,0,0,0,228,0,73,0,0,97,39,0,0,0,157,110,0,0,0,63,199,0,49,0,0,247,0,0,0,223
00061 features=851 size=28 p=2 tap=33 reset=true scheme=4 ops=0,2,0,0,3,2,2,3,1,1,2,3,1,0,0,0,3,2,0,3,1,1,0,1,0,1,3,0,0,1,2,1,3,2,3,1,0,2,1,0,2,1,2,0,3,1,0,3,3,0,2,0,3,1,3,0,1,1,1,3,2,2,3,2 ks=0,209,0,10,198,0,224,0,0,222,0,167,0,0,0,0,0,0,0,48,251,238,0,0,0,87,0,90,0,0,158,0,0,220,0,202,0,0,51,0,15,0,0,152,0,5,41,0,48,0,120,104,19,0,177,14,0,123,0,0,51,0,0,81
00062 features=857 size=43 p=1 tap=24 reset=true scheme=5 ops=3,2,3,0,2,2,2,3,2,3,0,1,3,0,1,3,0,0,2,2,0,2,0,3,2,3,1,1,0,0,3,2,1,1,1,0,3,0,3,0,1,2,2,3,0,2,0,2,3,1,3,1,3,2,2,1,3,1,0,2,1,1,2,3 ks=217,0,0,0,221,0,182,93,0,140,100,0,50,12,141,78,255,202,0,127,136,229,50,0,27,0,0,72,161,212,142,169,154,202,159,227,0,0,0,63,183,215,230,0,131,129,31,173,216,244,0,141,0,0,70,81,22,206,111,0,0,251,0,0
00063 features=996 size=64 p=1 tap=41 reset=true scheme=1 ops=0,0,0,1,2,0,3,0,0,1,3,2,2,3,2,2,1,2,3,3,0,0,0,0,2,0,2,0,2,3,2,1,0,3,0,3,2,0,3,0,1,3,0,3,2,2,2,3,2,0,3,1,2,3,1,1,2,0,3,0,2,3,1,0 ks=19,230,16,230,163,135,146,184,89,179,151,224,19,46,241,207,126,86,47,178,96,145,159,1,156,158,34,102,57,41,120,117,25,254,225,20,73,196,109,234,172,140,186,208,80,167,98,51,203,163,250,3,253,99,37,134,58,186,31,207,18,14,210,253
00064 features=814 size=18 p=2 tap=35 reset=true scheme=4 ops=1,1,0,2,1,1,3,2,1,2,2,3,3,2,2,0,1,2,0,1,0,3,3,0,0,3,0,3,0,0,1,0,3,3,1,3,1,2,3,2,2,3,3,3,2,3,2,2,1,3,3,3,2,0,3,2,2,3,2,1,1,0,1,3 ks=0,0,38,0,0,157,0,0,17,0,0,21,0,0,79,0,0,252,0,0,0,243,0,0,0,0,84,0,0,0,0,0,0,0,0,0,100,236,0,0,0,0,143,13,0,0,0,0,0,130,0,0,0,130,0,108,0,0,204,148,0,0,0,91
00065 features=829 size=41 p=10 tap=30 reset=true scheme=0 ops=0,0,1,2,1,3,3,2,2,3,1,0,1,3,1,0,0,2,1,1,2,1,0,0,3,3,3,0,1,3,3,0,0,2,3,1,2,3,0,0,0,1,3,3,1,0,0,3,1,3,3,0,2,3,2,0,3,1,3,3,0,2,0,2 ks=139,137,4,201,107,0,241,0,119,176,99,24,0,0,0,0,0,91,0,227,0,0,119,59,0,161,0,83,124,0,114,37,194,127,0,4,232,0,184,0,139,104,255,0,172,82,66,0,198,55,12,108,0,40,0,0,22,6,96,67,46,0,254,0
00066 features=965 size=62 p=1 tap=34 reset=false scheme=1 ops=3,3,2,3,1,0,3,0,0,2,2,3,1,0,0,1,1,0,1,2,3,1,2,1,1,1,1,1,3,3,0,0,1,0,3,1,1,1,1,1,1,3,0,0,0,1,1,2,1,2,1,1,1,0,2,2,0,0,1,0,0,0,2,1 ks=147,45,193,124,115,186,153,218,149,150,9,20,135,117,98,180,79,218,156,106,225,232,8,224,194,78,253,15,235,239,0,29,200,189,254,249,85,181,239,154,21,161,112,195,35,11,67,197,156,232,250,0,118,223,83,241,129,80,14,71,100,252,61,24
00067 features=839 size=23 p=1 tap=52 reset=true scheme=3 ops=2,1,1,0,1,1,1,0,0,3,1,2,0,2,3,2,2,3,0,3,2,0,2,3,3,0,2,3,2,0,0,1,1,1,1,0,0,0,1,3,0,3,0,1,2,0,1,0,2,0,1,2,2,3,0,0,2,1,1,0,2,2,3,0 ks=0,62,0,0,209,0,0,0,0,0,0,0,0,0,0,0,0,0,0,0,0,0,0,0,0,0,0,209,0,244,0,230,142,90,222,0,21,0,126,16,0,51,0,249,0,61,0,0,0,13,0,64,23,0,120,77,0,0,90,30,152,0,127,0
00068 features=517 size=21 p=2 tap=30 reset=false scheme=2 ops=2,1,3,3,1,2,2,3,2,0,1,2,3,0,3,1,3,1,0,1,0,1,0,3,0,2,0,0,2,3,3,3,1,3,3,3,3,2,2,1,2,3,0,1,3,0,3,3,2,1,1,2,1,1,2,0,3,1,3,1,0,3,3,1 ks=0,0,196,0,32,15,189,135,0,0,171,0,238,0,199,0,92,133,192,0,0,94,21,0,82,0,0,0,0,0,211,0,0,0,0,0,164,0,0,0,17,0,0,0,0,0,0,0,0,51,0,199,0,0,0,0,0,0,0,0,222,0,241,0
00069 features=846 size=20 p=5 tap=21 reset=true scheme=5 ops=1,3,0,2,3,0,3,0,2,3,1,1,2,0,3,2,3,1,3,2,3,1,3,2,3,3,0,3,3,2,3,2,1,2,1,2,2,2,3,1,3,0,3,0,3,3,0,0,1,2,0,1,3,2,2,1,2,2,1,2,2,1,0,0 ks=198,58,0,0,0,152,0,184,0,0,0,0,0,0,58,0,241,0,0,0,0,0,63,0,25,0,0,0,0,0,38,0,33,0,0,134,0,234,66,0,187,0,0,0,0,0,216,0,0,124,0,0,0,135,0,0,0,0,168,60,0,0,0,92
00070 features=765 size=39 p=2 tap=19 reset=false scheme=5 ops=1,1,1,2,0,1,2,3,1,2,2,1,1,2,3,0,1,3,2,2,1,3,3,0,2,1,1,1,3,1,1,1,0,0,3,3,3,2,2,0,0,1,2,0,3,3,3,2,3,3,1,3,3,3,0,2,3,0,3,0,3,0,1,2 ks=0,133,10,0,244,176,249,0,39,0,240,240,236,0,0,112,153,0,220,174,0,0,44,30,197,41,0,6,155,178,87,222,131,0,203,0,0,225,0,0,134,39,0,208,42,0,0,136,0,198,185,0,80,0,127,177,0,25,94,0,131,0,0,59
00071 features=746 size=19 p=5 tap=58 reset=true scheme=5 ops=0,0,0,0,2,0,0,0,1,2,1,1,1,0,2,0,1,1,1,1,0,0,2,2,1,2,0,3,2,0,2,2,0,1,2,3,1,1,0,2,3,3,1,3,3,0,3,2,1,3,1,3,3,0,3,2,1,2,1,1,3,3,3,2 ks=202,250,190,0,47,0,0,89,0,132,0,0,0,162,0,182,0,0,0,210,0,152,121,64,0,0,0,0,0,0,78,0,0,0,0,0,118,0,0,0,0,67,107,0,0,0,0,0,0,0,116,0,0,0,223,0,0,0,0,0,0,0,216,0
00072 features=787 size=29 p=5 tap=25 reset=true scheme=5 ops=1,2,3,3,0,0,3,3,0,2,1,0,2,1,2,0,2,1,0,3,3,1,1,2,0,3,1,1,0,0,1,2,1,3,1,3,0,1,3,2,3,2,1,3,3,1,3,0,3,0,3,2,3,3,0,2,2,2,0,3,2,2,1,0 ks=0,0,115,17,16,0,199,14,0,48,0,241,0,0,0,0,141,207,179,197,76,0,0,92,0,218,200,0,117,26,0,149,0,0,36,0,180,69,32,0,0,0,207,0,0,183,0,0,0,106,4,0,29,0,0,0,250,130,0,0,0,0,0,0
00073 features=840 size=47 p=10 tap=27 reset=true scheme=3 ops=3,3,3,0,1,1,0,1,0,0,2,0,0,1,3,3,1,2,1,0,3,2,1,1,0,1,0,3,0,2,3,0,2,2,0,3,1,2,0,3,0,1,0,1,2,0,1,2,2,1,1,2,3,1,3,3,3,0,3,0,2,0,3,0 ks=119,131,0,162,0,17,244,0,57,253,193,249,80,0,77,230,68,115,252,17,0,0,70,0,158,31,0,176,186,97,225,203,233,168,222,219,220,66,92,98,16,123,32,43,0,241,94,242,0,67,239,171,188,0,20,0,0,0,0,0,158,42,0,245
00074 features=866 size=22 p=5 tap=48 reset=true scheme=1 ops=2,0,2,2,2,2,3,2,2,0,2,1,0,0,1,1,2,3,3,2,3,3,3,0,1,1,3,2,0,1,1,3,0,0,1,2,3,1,1,1,3,0,3,0,1,2,3,0,3,3,1,0,3,2,2,0,1,1,2,3,2,1,1,0 ks=207,0,0,0,0,0,0,223,249,0,0,0,0,26,0,0,0,57,0,0,0,0,0,0,0,183,0,0,215,0,167,7,0,0,188,0,18,0,182,0,35,54,223,0,0,0,0,0,0,0,171,185,98,251,0,0,0,0,0,0,0,144,66,215
00075 features=932 size=43 p=10 tap=58 reset=true scheme=2 ops=2,3,0,0,2,2,0,3,2,1,0,3,1,1,2,2,1,3,3,2,0,1,2,2,3,2,2,1,2,1,0,3,1,1,1,1,0,3,2,3,1,0,3,1,0,3,2,2,2,3,2,0,2,2,2,0,1,3,2,1,3,3,1,1 ks=1,245,121,152,214,0,0,109,108,0,237,15,250,0,151,1,251,0,0,170,196,244,115,0,129,232,228,98,88,69,0,188,223,125,0,43,0,183,62,0,104,158,33,150,236,0,94,228,0,0,165,0,84,0,184,0,197,94,0,0,0,158,0,91
00076 features=639 size=16 p=10 tap=10 reset=false scheme=5 ops=0,2,2,1,3,3,0,0,3,2,3,2,2,1,3,3,3,1,2,3,3,2,3,2,3,2,3,3,3,2,0,2,2,3,3,3,1,2,3,3,0,1,3,0,1,2,0,2,2,1,1,1,1,0,2,0,1,2,2,2,3,0,0,1 ks=0,0,215,0,0,0,0,78,242,0,200,0,0,188,131,254,0,0,0,0,123,0,0,247,0,0,0,172,68,0,0,0,15,0,0,0,0,0,0,0,0,0,0,246,0,0,0,7,24,0,0,0,0,0,0,0,0,0,0,193,0,0,0,0
00077 features=820 size=22 p=2 tap=34 reset=true scheme=4 ops=1,3,1,1,0,0,0,2,2,0,1,0,3,1,0,1,2,1,2,1,0,3,1,0,1,3,0,2,1,3,2,1,2,3,1,0,1,0,1,3,1,0,0,3,2,3,0,2,0,0,1,2,2,2,2,2,1,0,3,3,3,0,0,2 ks=165,0,223,0,0,105,110,236,40,39,0,0,0,0,0,157,0,0,0,155,0,160,200,3,0,0,0,0,0,0,0,0,0,0,0,0,0,0,0,95,0,0,0,0,0,0,0,37,0,0,87,66,0,80,0,77,0,0,198,59,0,212,0,115
00078 features=956 size=64 p=10 tap=54 reset=true scheme=3 ops=2,2,1,1,0,1,2,3,2,3,2,2,1,3,1,2,2,0,2,1,3,1,2,2,2,3,3,0,3,3,2,3,0,0,2,1,2,0,0,3,0,1,3,3,2,0,0,1,1,2,1,1,3,3,3,3,2,0,1,0,1,3,3,3 ks=97,234,96,65,243,197,147,185,221,228,24,241,198,134,192,46,99,31,60,93,46,194,85,129,11,114,121,184,3,34,79,205,26,186,205,160,221,123,9,86,11,2,171,209,227,44,219,61,169,234,13,103,168,245,176,114,30,163,154,250,142,231,172,166
00079 features=624 size=22 p=5 tap=46 reset=false scheme=4 ops=0,0,0,0,1,3,1,0,3,3,1,2,1,0,2,1,2,2,3,3,0,2,3,0,0,0,0,2,2,2,3,1,1,3,1,1,2,1,1,1,2,3,3,0,2,3,1,0,1,3,1,3,1,1,1,1,2,2,0,1,3,1,3,2 ks=249,84,203,100,0,0,0,0,0,0,83,0,0,24,0,0,136,0,0,64,69,154,0,0,0,0,0,0,167,0,0,24,0,0,239,190,106,223,0,0,0,93,0,0,0,0,0,0,153,0,35,0,0,0,0,0,0,29,145,0,0,0,0,61
00080 features=867 size=22 p=5 tap=56 reset=true scheme=1 ops=3,1,3,2,3,3,0,1,1,0,2,3,3,1,0,1,2,3,0,0,0,2,1,3,0,3,0,1,2,0,2,3,2,0,3,1,2,0,1,0,3,3,3,2,2,3,1,0,1,3,1,2,0,0,1,3,2,0,1,0,3,1,1,3 ks=83,152,0,0,48,0,0,0,0,0,0,0,0,0,0,186,0,163,0,0,0,0,0,0,137,0,0,0,0,54,0,6,0,212,82,235,0,92,0,0,0,0,0,0,234,15,0,229,48,0,0,0,92,149,143,0,95,0,0,170,0,0,230,0
00081 features=796 size=19 p=2 tap=5 reset=true scheme=1 ops=3,3,1,0,3,0,0,2,3,1,2,2,0,2,2,2,3,0,0,0,0,0,1,0,3,2,1,3,2,0,2,3,3,1,2,1,3,3,3,3,2,3,2,3,0,0,1,3,3,1,1,3,2,1,3,2,1,2,1,1,3,3,1,3 ks=229,232,0,0,0,0,0,0,11,0,0,0,0,0,0,0,31,0,164,0,0,0,0,0,0,95,0,0,0,0,0,0,0,0,0,0,36,36,216,0,0,0,83,0,0,0,0,0,0,0,0,110,249,101,185,205,0,0,0,3,156,45,0,52
00082 features=861 size=19 p=5 tap=16 reset=true scheme=2 ops=0,1,2,2,0,3,0,0,2,1,1,2,2,3,3,0,2,3,1,0,1,3,0,3,2,3,3,2,0,0,2,0,1,0,1,1,3,1,0,3,0,2,3,3,2,0,1,3,0,0,2,0,2,1,0,2,3,3,3,0,3,2,1,3 ks=162,217,0,0,0,0,0,0,0,0,0,0,13,170,0,0,0,0,132,0,0,0,0,0,0,0,0,122,98,0,0,0,0,0,0,27,131,0,189,204,57,0,0,0,42,36,93,0,0,0,203,0,0,0,214,0,0,0,0,78,0,0,0,180
00083 features=808 size=44 p=1 tap=22 reset=false scheme=2 ops=1,1,1,3,3,0,3,3,2,0,1,0,3,0,3,2,3,0,2,1,3,3,3,3,0,3,0,3,2,1,0,2,2,3,2,0,1,1,0,0,0,2,2,1,1,0,1,0,1,1,1,1,0,3,2,0,1,1,3,3,1,3,0,1 ks=92,0,0,157,0,0,146,141,206,194,181,59,0,40,45,0,210,0,89,0,18,0,197,89,200,8,0,241,97,43,149,184,0,17,130,0,76,205,95,0,69,63,207,124,0,0,174,0,123,136,127,40,135,235,56,201,9,54,0,27,0,0,148,0
00084 features=868 size=44 p=1 tap=28 reset=true scheme=3 ops=2,1,0,2,3,1,3,3,1,3,0,0,0,1,2,1,3,2,3,0,2,1,3,3,0,0,0,3,1,2,3,1,1,0,0,3,1,1,3,2,2,2,3,3,3,2,3,0,0,2,0,2,2,0,2,0,2,3,1,3,0,3,3,1 ks=212,0,201,0,112,0,253,0,12,83,39,91,6,96,0,48,0,38,0,139,0,50,167,229,0,6,178,201,133,207,0,35,0,68,249,0,125,238,0,254,61,211,0,7,230,217,188,163,0,16,220,0,0,254,248,0,176,225,241,181,51,0,154,0
00085 features=779 size=24 p=1 tap=24 reset=false scheme=4 ops=3,0,1,1,3,2,1,2,2,2,2,0,0,3,3,0,3,1,1,1,3,3,3,1,2,3,2,2,0,2,3,1,0,3,1,1,3,3,3,2,2,3,3,0,1,3,2,3,2,3,0,2,2,2,1,0,3,1,2,3,2,3,2,2 ks=0,232,0,0,157,185,120,81,0,135,198,203,0,0,0,0,0,0,134,0,0,23,0,0,0,0,124,0,0,205,0,0,0,190,166,25,0,0,0,176,0,130,0,0,0,0,0,0,206,148,0,0,225,21,0,126,0,0,131,0,0,0,168,0
00086 features=958 size=64 p=2 tap=32 reset=true scheme=3 ops=1,0,3,2,1,1,1,3,0,2,1,0,3,0,2,2,0,0,3,3,3,3,3,1,0,1,1,0,0,3,2,3,2,1,2,0,2,3,2,3,2,3,1,0,3,2,3,2,1,1,0,1,0,2,1,2,0,3,2,2,0,1,0,0 ks=28,30,177,188,71,143,29,211,72,4,86,161,67,239,9,97,231,214,238,50,238,242,108,181,151,192,119,127,237,129,28,42,243,238,114,125,11,112,198,216,45,93,242,82,121,108,152,241,238,255,30,126,114,187,251,107,162,57,50,137,137,75,135,64
00087 features=836 size=42 p=10 tap=6 reset=true scheme=3 ops=1,3,3,2,3,0,3,2,2,1,3,0,3,3,3,1,3,2,0,0,3,1,0,2,2,1,0,0,0,3,0,3,0,3,2,0,3,0,1,3,0,3,0,1,3,1,3,1,2,0,0,0,3,1,3,0,1,3,0,3,3,1,0,2 ks=234,232,23,3,0,0,0,0,80,184,189,143,121,255,0,0,92,128,246,88,60,0,49,156,111,0,192,134,94,44,239,118,229,220,96,74,0,0,178,0,217,39,78,104,178,169,53,0,177,0,0,135,0,0,159,0,0,0,0,199,0,0,75,90
00088 features=796 size=28 p=2 tap=24 reset=false scheme=3 ops=0,2,1,0,2,1,2,3,2,2,3,0,3,2,0,2,3,2,1,0,1,3,0,3,3,0,2,1,2,2,3,2,1,3,1,0,1,2,0,2,1,0,0,1,1,3,3,3,0,2,2,2,2,1,2,3,1,1,0,3,2,3,1,3 ks=76,135,0,217,0,135,124,17,0,0,0,0,250,0,0,0,0,25,204,0,134,0,0,51,51,168,204,0,101,0,113,0,0,0,106,0,0,0,0,112,0,54,236,6,0,0,0,0,0,0,0,0,144,0,222,0,36,0,83,209,0,0,127,233
00089 features=625 size=22 p=5 tap=58 reset=false scheme=1 ops=1,2,0,1,3,3,1,3,2,2,1,2,3,3,0,3,2,1,0,0,1,3,1,3,1,3,2,2,1,2,3,0,1,3,2,0,0,2,1,3,3,0,1,1,2,3,2,1,2,3,1,1,0,2,1,2,2,3,1,2,2,2,3,1 ks=180,0,0,211,0,47,0,0,0,0,0,94,0,104,2,242,0,0,0,0,0,0,61,0,31,0,0,175,0,250,0,63,0,0,0,12,46,0,0,0,71,0,134,0,0,222,29,0,185,0,0,0,24,0,250,0,0,0,0,0,98,0,0,0
00090 features=711 size=22 p=2 tap=11 reset=false scheme=2 ops=3,3,2,0,0,1,1,1,3,3,2,3,0,0,2,1,0,2,0,0,1,2,0,3,3,0,3,3,0,1,3,3,1,0,3,3,1,3,0,0,3,2,1,2,2,2,1,1,1,2,0,2,2,2,2,3,0,2,3,3,2,3,0,3 ks=0,0,210,0,0,138,0,58,0,227,0,145,0,0,0,0,0,81,181,0,0,0,0,182,0,150,0,0,0,0,221,201,0,0,226,0,0,0,0,172,16,162,0,0,0,254,0,0,162,0,0,0,0,92,0,239,37,0,110,0,0,177,0,0
00091 features=898 size=39 p=1 tap=22 reset=true scheme=5 ops=2,2,0,3,0,3,3,2,0,2,0,0,2,3,2,2,2,0,0,2,1,3,2,2,3,1,1,2,1,2,0,0,3,3,0,2,2,3,2,0,0,0,2,2,2,1,1,2,2,3,2,2,3,1,0,3,1,2,3,2,3,3,3,3 ks=0,204,219,58,225,0,0,12,65,136,34,70,159,70,0,0,172,48,144,0,201,0,194,204,135,120,86,0,0,0,0,152,169,141,0,41,0,0,99,224,0,190,171,0,119,0,0,213,198,23,210,208,73,0,0,229,0,0,150,0,0,122,116,0
00092 features=910 size=43 p=5 tap=25 reset=false scheme=1 ops=1,2,0,3,1,2,3,0,2,2,2,1,3,1,2,1,3,2,1,3,1,0,2,3,2,3,3,1,2,0,2,2,3,0,2,2,3,2,3,3,3,2,0,1,1,3,2,2,3,2,2,3,1,2,2,1,2,2,3,1,3,1,0,3 ks=0,5,93,0,183,0,0,251,105,7,196,0,103,84,125,250,0,0,95,248,115,0,0,0,250,0,35,0,144,203,0,242,117,95,86,5,57,203,0,252,88,152,46,91,203,0,0,79,0,46,0,0,0,73,208,251,250,97,1,109,239,0,18,201
00093 features=857 size=43 p=5 tap=7 reset=true scheme=3 ops=2,2,2,2,3,0,3,2,1,3,2,3,1,2,1,3,2,3,3,3,0,2,1,2,0,3,0,3,3,0,0,3,1,0,2,1,2,0,1,3,2,2,2,0,3,2,2,1,2,3,3,3,1,3,3,0,3,0,2,2,0,1,0,3 ks=0,56,181,255,74,0,0,70,0,116,0,154,0,223,45,0,0,0,238,56,191,0,50,192,11,161,26,123,182,0,253,137,0,0,114,56,111,190,78,0,234,211,0,252,0,104,58,84,0,174,0,191,160,0,239,220,0,66,27,98,226,115,31,0
00094 features=598 size=16 p=2 tap=56 reset=false scheme=5 ops=1,2,2,2,3,1,2,2,3,3,2,2,3,3,2,2,1,1,1,3,3,0,2,2,2,2,2,2,0,1,3,1,0,1,3,1,0,0,3,3,3,2,1,3,0,2,2,2,1,2,3,3,0,1,1,2,3,0,2,2,1,1,0,3 ks=13,0,0,0,0,0,0,0,160,0,0,0,0,177,106,240,0,0,126,130,0,0,0,0,135,0,0,0,53,132,0,0,0,0,0,0,0,107,144,0,0,0,0,0,0,0,0,0,0,236,223,178,0,0,0,0,0,0,0,0,128,0,0,0
00095 features=807 size=20 p=2 tap=42 reset=true scheme=4 ops=2,1,0,2,0,1,0,1,2,3,2,3,3,0,2,0,3,1,0,0,1,0,0,2,1,0,1,3,0,1,3,2,0,3,2,3,3,3,1,3,2,3,2,0,2,3,2,0,0,0,2,0,2,1,1,1,1,3,0,1,1,3,1,2 ks=0,244,0,0,160,0,85,48,0,170,0,0,139,135,0,96,134,0,0,16,0,148,0,0,0,0,0,153,0,17,0,0,0,0,37,232,0,0,0,0,0,142,0,0,0,227,0,158,176,0,0,0,0,0,0,0,0,0,0,0,0,0,191,0
00096 features=989 size=64 p=1 tap=16 reset=true scheme=3 ops=0,0,3,3,1,2,0,1,1,0,1,3,0,1,1,3,1,3,1,3,1,0,3,2,0,1,2,2,3,0,2,2,1,0,1,3,1,2,0,3,3,3,1,1,0,0,3,0,0,0,0,0,2,2,1,2,0,0,0,3,2,0,1,2 ks=244,155,61,60,70,249,4,115,31,225,172,177,208,143,138,216,150,57,13,53,198,188,26,235,165,192,193,250,190,41,232,230,228,8,247,229,94,118,100,50,246,166,236,58,49,124,239,235,32,64,111,36,6,105,192,166,47,89,169,35,238,14,184,251
00097 features=887 size=17 p=1 tap=63 reset=true scheme=0 ops=3,0,1,3,2,3,1,0,0,0,3,2,1,3,3,2,2,2,0,3,2,0,0,2,2,0,2,0,1,3,1,1,2,2,0,0,0,3,3,3,3,0,1,1,3,1,0,0,0,1,3,3,2,1,2,0,2,3,1,0,1,3,0,2 ks=56,0,0,0,0,100,0,124,0,124,0,0,109,0,0,0,0,0,0,16,0,0,99,0,0,5,0,0,6,0,0,0,0,0,0,0,0,0,0,0,0,0,113,0,0,0,0,0,0,82,0,0,115,151,54,215,80,139,0,0,0,0,0,0
00098 features=825 size=43 p=10 tap=25 reset=true scheme=3 ops=3,2,3,0,3,2,0,1,1,3,0,2,2,0,0,2,1,3,3,2,3,3,2,0,1,3,0,0,0,0,1,0,0,0,0,0,1,2,2,3,3,2,3,1,1,0,1,1,3,0,2,3,3,3,1,2,3,3,2,1,2,1,2,1 ks=125,192,191,80,0,90,96,180,0,0,82,223,0,115,181,0,159,0,0,213,137,97,0,247,190,190,188,0,0,37,0,150,53,32,0,165,153,146,0,253,0,0,129,17,47,0,0,56,180,49,0,105,100,168,233,0,57,0,159,0,230,19,241,85
00099 features=840 size=47 p=2 tap=30 reset=false scheme=2 ops=3,0,3,1,0,1,2,2,3,1,2,0,3,1,1,1,2,3,2,0,2,2,3,1,1,3,0,1,2,2,3,0,2,2,1,0,1,3,1,1,3,3,2,1,0,3,0,0,0,3,1,1,3,0,0,3,0,2,0,0,3,1,0,0 ks=95,94,0,198,218,0,206,0,77,0,39,222,0,219,102,182,0,167,0,53,85,0,165,221,96,46,238,173,216,28,35,0,29,0,193,233,135,132,218,167,0,88,190,0,112,0,193,28,88,252,227,98,34,20,0,236,146,0,2,0,179,250,0,133
00100 features=933 size=41 p=5 tap=37 reset=true scheme=2 ops=1,3,3,1,3,3,2,0,1,0,3,0,3,0,3,2,3,2,1,1,0,0,1,1,2,1,3,2,1,3,3,2,3,0,2,3,3,1,3,1,3,0,3,2,0,0,2,0,1,3,2,2,3,2,2,2,0,3,1,3,0,1,1,3 ks=172,0,0,65,0,9,176,0,100,0,187,100,92,0,183,223,0,0,0,202,217,0,7,218,245,4,97,94,0,206,197,0,206,28,0,0,71,253,79,0,246,81,46,0,0,16,0,253,80,67,12,0,95,216,0,0,247,247,0,0,200,127,213,182
00101 features=765 size=18 p=1 tap=24 reset=true scheme=5 ops=0,0,0,3,0,3,2,2,1,2,2,2,1,3,3,0,0,0,3,3,3,2,1,3,1,2,3,3,3,2,3,0,3,0,2,2,2,2,1,2,1,3,1,3,0,1,3,0,3,1,1,1,3,3,1,0,0,3,1,1,1,2,2,3 ks=0,59,0,0,0,236,0,4,0,143,194,0,0,5,0,0,0,0,0,0,0,38,0,0,0,74,0,0,135,0,0,141,0,14,0,0,0,40,94,0,0,0,0,0,199,0,0,115,0,0,0,66,0,240,0,0,0,0,0,0,0,254,0,0
00102 features=872 size=38 p=5 tap=16 reset=false scheme=2 ops=1,1,3,0,2,0,0,0,3,1,2,1,3,0,3,3,3,1,3,2,0,0,3,2,0,1,1,2,1,2,3,1,3,1,0,0,0,2,1,1,2,3,2,1,0,2,1,3,2,0,0,3,0,0,0,3,1,2,3,0,1,2,1,3 ks=0,143,173,227,190,122,0,119,0,0,0,0,248,157,1,0,221,93,0,0,21,0,128,245,0,227,0,31,0,1,123,0,204,155,0,0,10,253,30,182,179,0,204,0,0,254,220,240,127,154,246,90,0,0,0,0,65,241,239,30,0,0,0,137
00103 features=795 size=20 p=5 tap=55 reset=true scheme=2 ops=1,0,3,0,1,0,2,1,1,1,3,1,2,2,1,2,1,1,3,2,1,0,1,0,3,0,2,0,3,1,1,2,3,1,1,2,0,0,0,1,2,3,3,3,1,0,2,0,1,2,3,3,0,0,3,1,1,1,0,0,0,3,0,2 ks=0,152,0,41,162,0,0,0,0,0,0,194,0,72,251,0,159,0,0,0,0,0,30,70,0,0,255,0,242,1,0,0,0,0,0,0,123,0,150,200,0,75,205,0,0,0,0,0,238,0,152,0,0,0,0,0,0,94,0,0,0,0,0,0
00104 features=626 size=18 p=2 tap=53 reset=false scheme=2 ops=1,0,1,3,1,1,1,0,2,0,3,1,3,1,0,2,1,2,2,3,0,2,2,2,1,3,2,1,3,0,1,1,2,1,3,3,0,2,1,3,1,2,1,3,0,2,2,1,0,2,1,0,3,1,1,1,2,3,2,3,1,2,0,3 ks=0,116,0,0,0,0,0,239,0,0,0,0,73,0,53,0,0,0,0,0,0,0,236,0,0,0,0,0,0,148,0,0,29,0,0,0,57,0,0,112,0,190,0,185,0,2,253,0,0,0,0,0,0,54,0,0,0,52,129,0,247,40,0,0
00105 features=1043 size=64 p=10 tap=4 reset=true scheme=2 ops=0,0,2,2,3,1,1,1,0,1,3,3,1,2,3,1,2,3,1,1,1,2,1,2,2,2,3,0,3,1,1,0,1,1,3,3,1,2,2,3,3,3,0,1,2,2,2,1,1,3,3,2,0,3,2,3,1,1,0,2,0,3,3,3 ks=242,134,73,202,253,167,92,53,46,211,100,28,157,182,122,13,21,168,245,9,244,193,84,96,75,36,49,193,163,127,25,140,47,176,235,212,135,184,52,211,42,51,82,29,23,81,210,248,165,10,5,175,126,41,219,158,170,220,129,160,237,215,248,108
00106 features=872 size=39 p=5 tap=4 reset=true scheme=3 ops=3,2,1,3,1,3,2,3,2,2,2,2,0,3,3,0,3,0,0,3,3,2,1,0,0,1,1,2,3,2,1,0,1,3,2,1,0,1,3,3,0,1,3,1,1,2,2,2,1,2,1,2,1,0,1,1,2,0,1,0,2,1,2,1 ks=132,0,73,243,57,51,0,0,221,247,0,34,0,154,227,166,195,35,0,0,67,231,0,0,24,248,103,4,0,216,144,0,0,97,0,144,203,0,59,72,0,178,0,3,233,0,0,136,29,0,0,136,0,0,52,0,43,0,193,0,175,199,55,77
00107 features=742 size=19 p=5 tap=10 reset=false scheme=3 ops=0,1,0,0,3,1,2,3,0,2,3,2,2,1,2,1,1,2,0,1,3,0,2,3,0,1,2,3,1,2,0,1,0,1,2,1,2,0,0,2,0,3,3,0,3,0,1,3,2,3,1,0,3,0,2,3,1,3,3,3,1,3,3,3 ks=103,130,0,95,178,194,0,0,0,0,82,0,251,0,0,237,0,0,7,0,212,0,0,0,0,0,0,119,0,0,0,0,0,97,0,0,0,0,0,119,0,0,0,67,0,51,0,0,82,0,0,0,0,0,0,0,0,188,0,54,0,95,0,0
00108 features=861 size=42 p=10 tap=22 reset=true scheme=3 ops=2,1,1,3,0,1,1,2,1,1,0,0,2,2,0,0,2,1,3,2,2,2,2,1,3,0,3,3,3,1,3,3,3,2,2,3,3,1,1,0,1,1,0,2,3,2,0,3,3,3,3,2,2,1,1,1,1,0,2,3,0,2,3,2 ks=195,38,0,242,0,0,98,12,214,108,0,0,168,179,178,36,0,31,0,14,13,189,104,0,0,178,108,199,13,0,48,251,26,85,75,243,0,0,150,0,0,218,184,245,193,91,176,172,235,0,0,132,173,66,101,215,0,0,0,0,111,182,0,0
00109 features=772 size=18 p=1 tap=56 reset=true scheme=4 ops=3,0,3,3,1,0,0,3,3,0,3,0,0,1,1,2,2,1,2,2,3,0,1,3,3,1,3,1,3,1,1,2,1,0,3,2,2,0,1,2,3,3,0,3,2,3,2,3,0,2,0,3,1,0,0,1,2,3,2,3,0,1,2,1 ks=0,0,201,0,0,0,224,4,0,46,0,0,0,205,0,0,0,0,0,192,0,0,0,40,0,0,63,235,0,0,0,0,0,0,0,62,0,0,0,122,0,227,0,0,0,4,0,0,0,87,0,0,0,0,0,0,0,34,0,0,0,69,124,33
00110 features=896 size=31 p=5 tap=52 reset=true scheme=3 ops=3,1,0,0,1,0,1,2,1,0,3,2,0,2,3,3,3,2,1,1,3,2,2,1,2,0,0,0,2,3,3,2,2,1,3,0,2,2,3,2,0,3,2,2,1,0,2,3,1,3,1,3,3,1,0,1,2,2,2,3,1,3,2,0 ks=0,0,104,0,239,0,0,0,113,0,239,0,0,0,21,117,153,71,93,0,0,203,189,0,213,0,99,0,126,113,23,0,29,0,0,219,0,0,0,140,12,0,91,0,36,0,201,0,0,0,152,0,124,190,30,248,105,99,0,0,0,241,0,0
00111 features=883 size=42 p=10 tap=11 reset=true scheme=3 ops=2,3,2,0,0,1,0,0,1,0,2,3,3,2,0,3,1,0,0,1,1,3,2,1,3,2,2,3,0,2,3,3,2,0,0,2,3,0,2,3,3,0,2,0,0,2,2,0,2,3,3,3,3,3,1,2,0,2,0,3,3,0,3,3 ks=166,248,0,235,0,0,113,183,25,43,0,168,4,0,174,0,80,158,0,234,83,0,248,138,0,64,180,0,56,21,43,0,0,0,201,115,7,0,210,0,0,124,253,182,0,163,183,0,196,142,1,160,232,193,0,246,130,7,30,94,0,0,208,0
00112 features=713 size=17 p=5 tap=15 reset=false scheme=5 ops=1,2,2,1,0,3,1,1,1,3,3,1,2,3,0,3,1,0,0,3,1,3,0,1,0,2,2,1,1,2,0,2,2,0,2,3,2,2,0,1,2,3,2,2,3,1,0,1,1,3,2,3,3,2,2,2,2,3,0,0,1,2,0,2 ks=209,0,68,0,114,0,0,0,101,0,0,0,0,0,0,0,0,189,0,0,0,0,0,0,1,0,0,27,0,0,0,134,251,0,195,0,0,0,136,0,0,76,0,0,0,0,9,0,68,0,0,0,0,0,0,0,45,0,0,0,222,0,0,22
00113 features=826 size=17 p=1 tap=47 reset=true scheme=5 ops=1,3,3,3,1,3,2,3,0,2,2,1,2,1,1,2,0,3,1,1,1,0,2,2,1,3,1,0,2,2,1,3,0,1,2,2,3,3,2,2,2,1,0,0,3,3,1,3,0,3,0,0,2,2,2,2,2,3,0,0,0,3,1,3 ks=46,204,0,198,0,22,0,0,170,47,0,0,0,0,0,0,77,0,0,0,0,0,0,0,0,0,0,0,0,0,0,0,0,35,0,70,0,0,51,0,43,70,0,0,0,0,0,0,0,0,153,0,172,0,0,59,217,0,0,0,0,148,0,0
00114 features=788 size=23 p=1 tap=53 reset=true scheme=3 ops=3,3,3,2,1,2,2,1,1,2,3,2,3,2,2,3,3,3,0,0,3,1,3,2,0,3,1,1,2,3,3,0,0,2,3,3,1,1,2,1,3,1,2,3,0,0,3,2,1,3,0,3,1,0,1,0,1,3,2,2,3,2,1,3 ks=27,0,0,0,123,0,0,131,0,71,0,0,0,0,203,39,170,224,0,0,0,0,39,0,0,0,0,211,0,0,0,0,0,100,104,15,0,0,242,168,0,187,81,0,0,108,0,0,74,0,105,92,0,11,181,0,0,0,0,0,0,0,0,0
00115 features=892 size=51 p=10 tap=8 reset=true scheme=3 ops=0,0,1,1,3,0,3,1,3,2,3,0,1,3,0,3,3,2,2,2,1,0,2,0,1,1,1,1,3,1,2,0,2,0,3,0,1,0,0,0,0,0,2,0,3,3,3,3,0,1,3,1,1,1,3,1,0,2,0,1,1,0,1,3 ks=105,33,0,145,196,115,0,201,167,141,0,168,176,149,34,0,39,0,118,0,210,165,232,191,170,205,206,205,0,91,214,0,169,0,14,182,143,167,30,94,69,242,0,37,34,52,86,0,189,41,7,231,130,9,0,146,187,179,160,0,76,151,105,254
00116 features=695 size=20 p=10 tap=44 reset=false scheme=2 ops=3,2,2,3,3,2,1,1,1,2,1,3,3,1,3,0,1,2,3,0,0,3,1,0,0,1,2,3,3,0,2,0,1,3,1,0,0,0,0,1,2,0,3,3,0,3,3,0,1,1,1,0,1,3,1,1,2,2,2,0,1,0,2,1 ks=0,181,230,0,0,0,0,0,106,0,6,0,0,239,0,174,0,0,0,0,109,0,46,194,0,0,132,0,30,60,0,200,0,0,145,0,0,0,0,0,0,10,33,0,0,69,0,0,0,0,98,0,0,0,36,0,0,0,0,0,0,0,0,22
00117 features=921 size=49 p=5 tap=25 reset=true scheme=3 ops=3,1,1,1,1,2,3,2,1,1,0,0,1,2,3,2,3,0,1,1,1,3,2,3,1,3,1,0,2,3,0,3,3,0,1,3,2,0,3,1,2,2,0,2,0,2,2,2,2,2,2,2,2,1,0,2,1,1,3,2,0,2,0,2 ks=171,7,190,160,171,50,248,0,110,83,0,8,75,186,224,83,35,219,44,0,154,248,190,251,0,206,0,12,4,110,0,0,99,224,0,231,0,137,150,140,0,29,211,144,0,211,0,0,0,220,113,195,15,232,86,151,0,137,49,59,121,112,60,122
00118 features=816 size=26 p=10 tap=14 reset=true scheme=2 ops=1,1,3,3,3,1,1,0,3,3,1,3,3,0,3,2,3,1,1,1,3,2,2,2,3,2,0,2,3,0,2,3,3,1,0,3,0,3,3,1,1,3,0,3,0,3,2,0,0,2,0,3,1,2,3,2,1,2,1,3,1,1,0,2 ks=0,229,0,151,0,0,0,58,44,0,0,44,0,0,255,0,147,54,193,0,0,37,0,0,39,0,0,220,0,0,0,0,0,0,0,0,0,0,0,0,0,0,1,49,0,164,0,0,101,93,34,58,0,134,134,30,182,24,0,0,161,0,114,0
00119 features=936 size=64 p=10 tap=8 reset=true scheme=3 ops=2,3,2,3,2,2,1,0,0,2,2,2,3,1,2,3,1,2,2,1,3,1,0,3,0,2,0,2,1,1,1,1,1,3,3,0,1,0,2,0,3,0,3,3,2,3,1,3,3,0,0,1,2,2,2,3,2,0,2,0,2,2,1,2 ks=91,175,88,195,150,85,178,144,118,57,108,175,212,230,27,161,22,47,137,48,122,223,151,123,199,191,238,188,70,183,126,206,37,117,36,83,102,98,204,74,251,139,221,245,63,186,13,81,213,9,209,124,173,77,47,206,198,223,102,19,46,6,119,115
00120 features=808 size=22 p=5 tap=0 reset=true scheme=4 ops=0,2,2,2,3,3,3,1,2,1,1,2,1,3,2,1,0,2,2,0,1,0,0,3,3,0,3,3,0,1,0,1,1,1,3,1,3,2,2,2,3,3,3,2,2,1,2,3,2,0,0,3,2,2,0,0,2,0,1,0,2,1,1,3 ks=0,35,0,190,236,0,0,0,107,45,0,189,0,0,0,0,0,0,53,0,0,0,0,83,228,0,0,156,144,175,0,0,0,0,0,0,0,46,0,16,0,0,179,125,0,0,215,0,0,68,0,168,0,0,0,0,0,0,0,1,105,0,113,0
00121 features=668 size=18 p=1 tap=25 reset=false scheme=5 ops=3,0,0,3,2,2,3,2,2,3,3,0,1,1,2,0,2,3,3,3,1,2,1,3,1,3,2,1,2,2,0,1,1,1,3,2,3,2,2,3,1,2,3,3,1,0,3,1,3,3,3,0,2,1,3,0,0,2,2,3,1,1,3,2 ks=222,0,130,0,0,0,0,64,0,28,146,0,111,37,0,0,0,0,0,0,0,0,0,0,9,0,76,0,0,0,32,0,0,0,0,0,0,0,104,0,0,197,52,86,0,0,0,72,0,0,0,8,0,0,0,124,0,0,0,132,0,0,0,0
00122 features=810 size=17 p=2 tap=9 reset=true scheme=5 ops=2,1,2,1,2,3,3,1,1,3,2,1,1,3,3,1,0,2,3,3,0,0,0,1,3,0,3,3,3,3,3,1,2,3,3,1,1,2,1,0,3,1,1,1,0,1,2,3,0,2,0,1,3,1,1,1,3,3,2,3,0,0,2,1 ks=187,208,0,242,0,0,0,0,222,0,0,136,0,0,76,71,250,0,0,82,0,0,0,0,0,0,0,0,0,0,0,0,0,0,181,0,0,0,0,0,0,0,0,100,0,0,90,0,81,0,0,129,0,0,0,52,0,0,0,0,95,0,0,203
00123 features=972 size=48 p=10 tap=61 reset=true scheme=0 ops=3,0,2,3,0,0,0,1,0,2,0,0,1,3,0,0,0,0,3,1,3,0,2,3,3,2,3,2,0,2,3,2,0,1,3,1,1,0,0,1,3,0,1,3,2,1,0,0,1,0,2,3,2,0,2,2,2,3,1,0,2,3,2,0 ks=215,109,254,0,86,0,147,28,0,220,35,9,111,0,75,0,43,8,158,206,0,135,161,0,134,75,155,225,155,0,46,0,174,91,179,102,144,77,0,0,0,157,222,115,154,41,50,48,3,106,0,186,12,19,0,144,85,0,0,137,85,2,62,6
00124 features=809 size=20 p=2 tap=36 reset=true scheme=3 ops=3,1,2,3,0,3,1,3,1,3,2,1,3,1,1,3,3,1,1,2,3,2,0,1,2,1,2,1,2,3,0,3,3,1,2,0,3,2,1,2,2,2,0,1,2,2,2,0,0,3,1,1,2,2,2,0,1,1,0,1,2,2,2,2 ks=0,0,0,0,143,0,0,0,98,32,0,0,0,8,0,209,0,198,0,0,0,0,0,0,105,125,0,0,235,0,0,173,223,236,0,0,0,0,0,0,116,13,0,0,0,60,195,0,0,0,0,0,0,0,22,0,0,240,0,46,0,0,26,0
00125 features=703 size=21 p=1 tap=35 reset=false scheme=4 ops=0,3,2,0,3,1,2,3,1,1,0,0,1,0,0,3,2,0,3,1,2,0,0,3,0,1,0,1,3,2,2,1,1,3,1,0,1,0,0,2,0,0,1,0,0,2,1,0,0,1,3,0,3,3,3,0,1,1,1,0,1,1,2,2 ks=110,186,0,0,0,228,0,49,0,46,82,0,0,135,117,0,0,0,0,0,0,0,0,121,0,239,0,0,0,0,0,0,0,0,13,225,0,0,223,0,0,41,0,0,0,0,0,135,241,0,0,25,0,0,57,59,107,0,0,0,46,0,0,0
00126 features=880 size=42 p=1 tap=41 reset=true scheme=3 ops=2,3,2,0,2,2,2,1,1,1,3,3,2,2,0,2,0,3,2,3,3,2,0,0,0,3,2,0,3,2,3,2,1,3,1,3,2,3,1,2,3,1,2,0,2,0,2,1,1,0,2,3,1,2,1,0,3,2,1,3,3,3,0,1 ks=0,176,49,219,0,0,250,196,187,70,244,119,248,190,0,216,25,0,0,0,0,133,81,73,78,225,227,0,240,15,0,104,0,0,92,233,16,155,17,4,231,0,243,225,0,0,91,0,62,0,12,139,246,0,0,219,178,218,0,4,91,0,0,121
00127 features=953 size=63 p=10 tap=30 reset=true scheme=3 ops=3,1,1,3,0,3,2,0,3,2,1,2,2,1,3,2,3,0,1,3,0,0,1,3,2,3,1,0,2,1,2,0,3,3,0,1,2,1,2,1,0,3,1,3,3,2,2,1,3,1,1,1,1,3,2,1,2,1,1,2,3,2,0,0 ks=119,194,35,63,34,132,158,103,254,73,150,58,177,216,204,94,2,102,252,92,162,16,209,141,169,75,57,89,125,132,7,47,58,26,48,3,141,29,210,59,147,121,161,24,233,138,241,178,189,0,160,251,224,187,116,159,100,139,156,130,202,15,80,37
00128 features=865 size=29 p=1 tap=59 reset=true scheme=2 ops=1,0,0,1,1,2,1,2,0,0,3,1,2,3,1,3,1,0,0,0,2,2,3,2,3,2,3,2,2,1,0,2,2,3,3,0,3,2,0,3,2,0,0,3,3,2,3,1,3,0,1,1,0,2,0,3,1,1,3,2,0,3,1,1 ks=115,0,0,0,58,74,0,0,0,0,218,138,195,79,0,145,0,0,207,0,0,0,0,164,212,0,229,0,0,0,108,0,20,0,0,106,0,0,0,0,0,0,173,84,193,83,0,54,216,0,153,0,0,81,255,195,0,0,182,0,87,210,24,0
00129 features=799 size=17 p=5 tap=36 reset=true scheme=3 ops=1,1,0,0,0,3,3,1,1,2,2,3,2,0,0,3,0,2,1,1,2,1,3,0,0,1,0,3,1,1,3,1,3,3,0,1,3,2,1,2,0,2,2,1,0,3,0,3,2,3,2,2,2,2,3,0,0,1,3,0,3,3,0,1 ks=0,0,95,0,179,0,0,0,10,0,0,0,154,0,177,0,45,97,79,231,0,187,56,0,0,65,0,0,0,0,0,0,0,0,0,0,237,0,249,0,0,0,0,0,0,0,0,0,0,0,0,165,0,0,0,0,0,235,0,0,0,0,223,0
00130 features=873 size=39 p=10 tap=38 reset=false scheme=0 ops=0,3,1,3,0,1,0,0,2,3,0,1,1,0,0,2,3,3,3,0,2,0,2,2,3,2,3,2,2,0,1,1,1,2,3,1,0,3,1,3,2,3,0,3,0,2,1,0,1,3,1,1,1,0,3,2,0,3,0,2,3,3,0,3 ks=77,248,229,0,0,0,6,218,0,104,0,0,129,0,38,233,0,0,109,25,114,126,72,0,148,0,33,0,225,174,39,0,108,0,133,84,0,250,244,238,0,244,65,0,0,121,0,0,102,246,0,0,0,32,200,67,186,0,0,114,163,67,147,55
00131 features=622 size=19 p=5 tap=48 reset=false scheme=4 ops=2,1,0,2,3,0,1,2,2,1,3,0,3,2,0,2,3,0,2,0,1,0,0,2,3,2,3,2,1,3,1,3,0,3,3,2,1,0,3,1,2,3,0,3,0,2,2,3,3,3,2,3,3,3,3,2,0,0,3,2,3,1,3,0 ks=0,0,143,0,0,0,0,0,0,0,0,0,0,0,112,0,0,0,174,187,19,0,163,45,253,0,0,0,182,118,0,0,1,0,207,0,27,119,0,219,0,0,0,0,0,0,0,0,0,0,0,0,0,25,43,0,0,0,0,210,0,0,166,0
00132 features=839 size=36 p=2 tap=32 reset=true scheme=3 ops=2,1,2,0,0,2,3,1,1,3,2,0,3,3,0,3,0,1,1,3,0,1,3,2,1,0,3,2,2,0,3,1,3,2,2,2,1,0,2,3,3,0,0,2,1,0,1,3,3,0,3,3,3,3,1,3,0,2,2,0,1,1,0,0 ks=0,119,0,153,157,108,233,123,179,139,0,227,0,0,0,0,251,0,58,0,181,162,116,0,205,96,35,66,144,190,0,0,91,138,0,98,0,0,0,55,0,250,0,62,23,0,0,22,0,0,0,239,0,82,0,0,247,37,62,0,65,0,185,11
00133 features=821 size=39 p=10 tap=49 reset=false scheme=2 ops=1,2,0,1,2,0,3,2,0,0,2,0,0,1,1,3,2,3,2,1,1,3,2,0,3,0,1,3,0,2,0,2,0,1,3,0,3,3,3,1,0,0,0,1,3,3,3,1,1,3,1,1,2,3,2,0,3,0,1,3,0,0,0,3 ks=147,43,192,193,203,0,155,0,0,174,148,0,33,181,0,34,223,151,0,0,110,0,0,0,219,17,0,0,0,248,108,234,28,17,230,0,0,203,96,0,83,204,254,156,0,146,200,0,118,0,0,251,0,0,0,13,84,0,93,113,127,140,0,120
00134 features=908 size=38 p=5 tap=53 reset=true scheme=2 ops=0,1,0,1,0,1,2,2,3,1,2,3,2,2,1,2,1,1,0,0,1,0,2,0,3,3,0,3,2,2,0,2,2,0,0,1,0,2,2,0,2,0,3,1,2,3,0,0,0,1,3,1,3,2,2,1,3,3,1,2,2,2,2,3 ks=0,0,0,131,0,0,2,46,0,9,0,82,38,0,15,165,0,19,109,226,223,149,0,147,0,116,60,132,195,0,248,0,251,0,0,235,20,6,38,0,152,226,0,160,124,0,154,249,123,130,176,226,65,146,0,0,0,0,0,0,195,0,167,0
00135 features=663 size=24 p=1 tap=27 reset=false scheme=1 ops=1,3,1,0,3,0,3,1,0,1,1,2,2,3,0,3,2,2,2,1,0,3,1,1,3,3,2,3,0,2,0,2,2,2,2,3,3,0,1,3,3,2,3,3,3,2,1,0,1,2,1,1,2,2,2,1,2,1,2,1,0,1,2,2 ks=0,109,213,0,0,188,0,180,0,0,0,0,94,0,126,0,204,0,73,0,183,0,0,0,0,0,184,155,0,0,0,0,70,30,76,0,112,20,0,37,128,0,0,0,204,0,0,0,102,0,49,0,0,0,143,0,0,0,0,93,0,236,0,0
00136 features=695 size=16 p=10 tap=60 reset=false scheme=5 ops=0,0,3,0,0,0,0,3,1,3,0,1,1,1,0,1,0,0,0,1,1,0,3,3,3,0,0,0,2,2,3,0,3,2,0,0,0,2,3,2,0,3,0,1,2,1,0,1,3,2,1,1,1,3,0,1,2,1,3,2,0,1,3,2 ks=0,123,0,0,0,99,0,0,0,0,0,179,0,0,173,0,0,0,0,82,72,0,0,0,0,0,0,88,0,0,40,0,0,0,0,108,0,0,0,0,0,246,0,0,25,0,127,0,0,0,0,0,0,0,168,0,0,117,0,0,0,0,195,180
00137 features=835 size=41 p=2 tap=25 reset=true scheme=3 ops=2,1,1,0,2,0,2,3,2,3,0,3,3,2,0,3,2,1,1,0,0,0,1,2,0,1,2,1,0,2,2,0,0,1,3,2,0,1,3,1,3,3,0,2,3,2,1,0,1,3,3,2,2,1,1,1,2,1,3,3,1,1,2,1 ks=73,79,97,134,0,83,0,0,0,0,245,3,0,198,0,155,127,0,0,0,0,110,0,175,182,247,119,0,0,0,103,236,42,71,226,0,128,201,133,217,173,82,85,255,0,0,71,238,85,197,210,96,0,249,120,37,0,0,0,154,0,69,156,117
00138 features=822 size=42 p=5 tap=13 reset=true scheme=3 ops=3,3,2,1,3,3,2,3,2,2,3,2,1,2,1,1,2,3,2,3,2,1,2,1,0,3,3,0,2,1,1,1,2,3,2,2,0,3,0,1,0,2,2,2,2,3,1,1,3,2,2,1,2,1,1,3,1,2,0,2,2,2,3,2 ks=0,0,114,0,193,0,117,0,5,78,155,57,27,132,152,182,0,252,164,190,114,241,222,36,92,0,0,66,0,2,108,0,230,0,252,184,242,0,120,187,179,0,180,15,66,0,0,0,0,0,0,95,0,25,66,145,161,255,0,79,0,6,254,168
00139 features=886 size=42 p=1 tap=47 reset=true scheme=3 ops=0,2,1,1,1,1,3,1,0,0,0,0,1,2,2,1,1,3,0,0,3,3,0,3,2,1,2,0,0,3,2,1,0,1,1,1,3,3,2,2,1,3,0,3,0,3,1,0,2,0,3,3,2,1,1,3,1,1,3,3,3,2,1,3 ks=111,26,194,218,0,0,54,176,104,185,0,0,98,193,63,38,73,152,0,33,17,0,96,50,0,155,0,0,8,66,105,21,0,144,0,185,0,0,188,194,16,130,202,104,0,0,95,0,249,175,0,184,0,225,46,32,0,0,88,0,39,0,103,30
00140 features=805 size=40 p=5 tap=17 reset=true scheme=3 ops=2,3,0,2,2,0,2,0,1,2,3,3,0,1,2,3,2,0,0,0,2,1,3,1,3,3,2,3,1,0,3,3,1,3,1,0,1,3,2,2,3,2,3,0,2,1,2,2,1,2,0,1,3,1,1,2,0,3,0,3,0,3,3,3 ks=42,164,31,219,52,185,0,70,0,0,240,208,177,165,167,58,0,0,18,184,0,0,54,0,0,123,0,159,0,10,46,11,192,207,0,0,0,0,0,46,166,127,128,0,38,10,116,0,25,0,178,0,232,0,97,206,97,213,108,242,0,213,0,0
00141 features=1014 size=64 p=1 tap=15 reset=false scheme=1 ops=1,2,0,2,1,2,0,1,2,3,2,3,2,1,0,3,3,1,2,3,1,0,3,3,1,0,0,0,3,2,0,3,1,0,1,0,1,2,3,3,2,3,1,0,0,2,2,3,1,2,0,2,0,2,0,0,3,1,0,1,0,3,2,2 ks=24,176,101,73,238,124,45,61,248,233,215,102,91,109,43,25,178,229,201,113,155,214,253,255,22,101,49,156,170,214,161,141,104,20,4,119,155,16,127,192,28,112,158,5,89,43,211,91,183,8,230,77,179,55,234,70,86,78,139,196,194,77,79,195
00142 features=1023 size=64 p=1 tap=47 reset=true scheme=0 ops=2,3,0,0,0,0,2,1,3,0,1,2,0,0,0,2,3,1,3,1,0,1,2,0,3,3,3,1,1,0,2,2,3,1,3,3,2,3,2,0,0,1,0,3,0,2,3,3,3,3,1,2,2,1,2,0,1,3,1,2,1,2,3,2 ks=173,178,16,239,77,154,43,12,19,169,26,238,39,34,107,153,191,177,139,160,54,101,62,232,200,41,44,179,134,210,199,199,77,168,65,241,140,160,251,89,66,149,197,12,117,137,254,187,249,223,31,89,255,73,113,153,87,15,99,202,32,5,135,64
00143 features=898 size=48 p=5 tap=24 reset=true scheme=1 ops=1,0,3,1,0,2,2,1,1,2,1,1,2,1,0,2,3,3,2,3,0,2,1,3,3,0,1,2,3,3,0,0,1,0,2,0,2,3,1,0,0,2,1,3,1,3,1,0,1,0,0,2,3,2,2,0,0,1,2,1,2,0,1,0 ks=0,69,0,141,236,172,69,0,0,212,16,241,93,79,227,222,0,185,0,196,186,15,0,150,254,0,123,102,106,39,176,101,178,54,38,237,196,254,157,78,212,196,0,0,0,246,113,202,57,208,128,0,0,95,0,108,58,136,71,0,0,227,173,69
00144 features=875 size=25 p=2 tap=53 reset=true scheme=4 ops=3,2,0,1,1,3,0,0,2,1,3,0,2,1,2,3,3,2,1,2,0,1,1,3,1,2,2,2,1,1,3,0,3,0,2,3,2,0,1,3,1,1,0,2,1,3,0,2,0,3,2,0,2,3,0,3,3,2,3,0,3,3,2,3 ks=161,102,0,0,58,154,0,0,0,0,0,0,114,0,148,0,0,50,128,178,0,0,103,0,0,58,0,0,0,0,143,0,101,0,0,0,10,0,67,0,0,62,0,132,187,49,0,200,248,193,0,0,0,0,0,131,85,0,0,0,249,0,0,0
00145 features=745 size=15 p=5 tap=61 reset=true scheme=3 ops=0,0,3,1,0,3,3,3,2,3,3,3,0,3,0,3,1,0,2,1,1,3,2,3,3,0,0,0,2,3,2,2,2,0,1,0,3,1,1,2,3,2,3,0,1,0,3,1,2,0,3,0,3,2,1,0,2,1,0,3,3,0,1,1 ks=0,0,0,0,104,0,255,0,0,169,0,0,0,0,0,0,0,52,70,0,63,0,0,63,0,218,0,0,0,244,0,145,0,0,0,0,0,0,0,0,0,0,0,0,0,0,0,0,95,0,0,32,0,0,143,0,173,0,0,0,0,0,0,75
00146 features=758 size=20 p=10 tap=27 reset=true scheme=3 ops=1,2,1,0,0,2,0,0,3,3,2,1,0,0,2,1,2,0,3,1,3,0,2,1,2,0,3,1,1,1,1,3,2,2,3,2,3,2,1,0,0,3,3,2,1,2,3,1,3,3,0,2,3,2,3,1,0,1,1,2,0,3,0,2 ks=0,0,0,0,0,156,0,0,0,228,0,30,0,0,0,0,113,0,0,0,0,0,36,0,0,0,21,0,0,145,0,0,30,0,0,60,0,0,0,0,60,0,0,177,0,147,0,60,0,0,35,181,0,195,67,0,0,0,0,0,230,50,105,0
00147 features=731 size=24 p=10 tap=53 reset=true scheme=3 ops=2,1,0,0,3,0,0,1,0,0,3,2,2,3,0,2,2,2,3,1,0,3,1,2,1,3,2,3,1,1,1,2,2,3,2,0,2,3,0,3,2,1,1,2,3,0,0,0,1,3,3,3,0,0,1,3,0,2,2,1,1,3,3,3 ks=247,0,143,176,0,0,0,0,208,0,0,0,167,206,194,6,0,0,0,213,0,0,0,0,0,0,0,27,168,0,0,252,0,0,188,0,0,0,0,150,24,0,0,0,0,61,0,106,0,150,0,0,0,0,173,27,0,0,32,0,177,0,77,131
00148 features=861 size=40 p=2 tap=45 reset=false scheme=0 ops=0,1,2,2,0,1,0,2,3,2,2,0,3,3,2,1,2,3,1,2,0,2,1,1,2,2,1,2,0,1,3,1,2,1,2,2,1,1,2,0,3,0,2,3,3,3,1,2,2,0,2,1,1,3,2,2,3,2,3,2,0,0,1,0 ks=70,205,143,107,30,0,0,209,0,64,140,0,115,0,0,43,148,237,0,0,157,0,73,116,0,132,168,136,0,0,0,0,0,2,193,0,154,161,186,0,0,0,0,10,254,0,82,78,5,0,246,145,210,203,237,44,104,217,0,0,219,187,104,167
00149 features=982 size=63 p=5 tap=26 reset=true scheme=3 ops=1,2,3,2,3,1,3,1,2,2,2,0,3,0,3,1,3,3,0,0,3,0,3,3,2,2,3,1,0,0,1,2,1,3,3,3,3,3,2,0,3,3,3,3,3,0,0,0,0,0,2,0,2,0,2,3,1,1,2,0,1,0,3,2 ks=117,222,175,24,214,201,179,86,174,178,49,10,246,154,251,106,150,35,10,118,156,116,26,203,31,45,29,29,61,95,191,0,41,204,141,195,97,97,1,218,41,141,192,102,97,93,197,164,103,144,54,52,168,125,78,245,165,12,137,179,47,93,191,199
00150 features=979 size=64 p=1 tap=19 reset=true scheme=3 ops=3,2,3,0,1,2,2,2,0,3,1,2,1,3,0,1,0,0,0,3,1,1,1,1,0,1,2,2,1,2,0,0,3,3,0,1,2,1,2,0,0,1,2,2,2,2,2,3,3,2,1,2,0,0,3,1,2,1,1,3,1,3,0,3 ks=162,243,229,63,22,5,239,139,102,16,129,35,54,222,76,99,180,209,235,182,251,186,104,110,58,73,157,204,253,194,112,182,30,29,222,174,4,139,143,248,31,21,116,188,122,242,161,63,59,174,202,74,57,210,26,180,154,123,212,88,247,229,12,32
00151 features=626 size=25 p=2 tap=52 reset=false scheme=4 ops=0,3,3,2,1,3,1,1,3,1,1,1,1,3,3,0,1,1,2,3,3,3,0,2,3,3,3,2,1,2,0,3,2,3,3,1,3,1,3,1,2,1,0,3,2,2,2,0,0,1,2,3,3,0,2,0,2,2,1,3,2,1,0,0 ks=0,18,0,0,0,0,166,0,0,37,0,97,164,0,0,0,0,225,189,0,118,59,0,0,186,241,233,0,0,0,247,0,219,0,0,0,232,97,0,0,22,0,36,0,0,0,233,0,0,241,0,175,182,0,0,0,158,105,0,0,255,0,0,0
00152 features=860 size=22 p=5 tap=57 reset=true scheme=4 ops=1,0,2,2,0,2,0,3,2,1,3,2,3,0,0,1,0,3,3,0,1,0,3,3,0,0,0,1,3,2,0,3,1,3,0,1,0,1,3,2,1,3,3,2,3,3,2,2,0,3,2,1,2,3,0,3,3,0,0,3,0,0,1,3 ks=0,0,0,48,0,193,0,0,205,73,0,236,0,0,0,0,0,0,147,0,171,0,0,0,181,55,0,0,0,114,0,0,202,117,33,0,210,186,253,0,0,0,0,158,0,141,165,0,0,0,105,0,0,0,0,24,0,0,0,0,232,0,0,0
00153 features=945 size=64 p=5 tap=59 reset=true scheme=3 ops=2,1,0,0,1,0,0,3,2,3,3,2,2,2,1,0,3,2,2,3,0,1,2,1,2,0,0,1,3,1,3,0,2,2,0,2,3,0,1,2,0,3,3,3,0,0,2,0,3,1,0,2,1,1,0,2,0,3,1,1,3,1,3,3 ks=48,101,215,213,160,216,198,69,168,98,37,144,172,141,61,34,123,171,165,62,154,36,15,240,20,26,28,47,19,214,253,242,8,35,119,139,86,41,34,107,177,98,3,53,119,199,153,115,70,13,79,35,17,186,151,199,215,15,248,179,85,227,235,186
00154 features=898 size=42 p=10 tap=16 reset=true scheme=4 ops=1,1,2,0,3,0,1,0,3,0,3,1,2,2,2,3,3,0,0,2,1,3,3,0,0,2,0,1,3,3,2,2,1,1,1,3,3,0,1,2,1,2,2,1,1,2,0,2,2,3,2,0,1,0,1,1,1,1,3,0,2,0,2,0 ks=134,0,0,174,73,0,249,0,0,95,104,0,132,87,69,0,89,177,0,0,156,232,0,46,4,90,202,0,0,126,103,94,125,238,230,103,27,0,0,0,68,0,46,80,0,137,225,19,0,0,0,245,163,218,176,81,137,122,146,204,250,0,194,0
00155 features=645 size=18 p=1 tap=36 reset=false scheme=2 ops=3,3,2,2,0,2,2,1,0,2,2,0,2,1,2,0,2,0,1,2,0,1,3,3,3,1,2,2,3,3,0,2,2,3,0,1,3,3,0,1,3,2,2,3,2,1,2,0,2,3,3,2,2,2,0,1,0,3,2,3,3,1,2,3 ks=92,0,0,0,174,27,0,0,91,0,0,0,119,0,0,217,0,0,0,0,221,0,0,0,0,0,0,0,216,0,0,14,58,0,0,0,0,0,248,0,0,168,125,35,160,0,0,0,0,0,0,0,0,230,0,0,0,214,0,0,0,0,202,0
00156 features=718 size=18 p=1 tap=17 reset=true scheme=3 ops=3,0,1,2,1,3,3,3,0,1,1,1,3,3,3,1,3,3,2,0,0,1,2,3,3,3,2,3,1,3,0,3,0,2,0,1,1,1,1,2,2,1,2,3,0,1,0,2,1,0,3,3,1,0,1,1,3,3,3,3,2,2,2,0 ks=0,0,0,0,0,0,0,0,94,0,0,0,0,213,0,161,0,11,0,162,0,0,107,0,0,0,0,0,0,165,202,0,0,102,0,0,0,0,0,23,0,229,0,0,121,0,116,0,184,0,0,230,0,0,0,0,0,0,0,162,0,109,50,0
00157 features=958 size=64 p=10 tap=44 reset=true scheme=3 ops=2,2,2,3,3,2,3,3,0,0,0,1,3,0,2,0,0,0,0,2,3,1,2,0,2,1,2,1,3,3,0,3,2,1,1,2,2,0,3,2,3,0,2,2,3,3,0,3,2,2,3,3,2,1,3,1,0,0,2,0,0,3,2,3 ks=83,36,52,8,180,75,219,165,20,30,229,162,50,125,6,128,232,211,249,105,88,181,72,200,242,145,92,83,139,72,137,236,251,13,205,152,202,49,51,135,57,29,147,14,249,168,32,171,63,146,57,173,229,131,192,138,244,233,136,164,232,232,35,164
00158 features=719 size=16 p=10 tap=1 reset=true scheme=3 ops=3,3,2,0,2,0,3,3,2,3,3,1,3,3,1,1,1,0,1,3,3,1,3,1,3,3,0,0,0,0,1,2,3,2,0,2,2,3,2,2,1,1,3,1,3,0,0,2,2,1,2,3,1,0,3,3,3,1,0,1,1,2,2,1 ks=175,62,184,0,0,0,0,230,0,237,0,0,0,0,0,51,0,0,126,0,0,0,0,0,0,0,0,0,0,0,0,0,253,57,0,0,0,0,249,243,0,0,0,254,0,0,0,17,0,0,0,104,0,0,149,0,0,59,0,0,0,0,0,0
00159 features=775 size=16 p=1 tap=27 reset=true scheme=3 ops=0,1,2,2,3,2,2,2,1,1,0,2,2,1,2,3,2,0,2,2,1,2,1,2,1,1,0,1,0,0,2,3,3,0,0,2,0,0,3,2,3,0,2,3,0,0,2,0,3,0,2,0,2,0,3,1,0,1,0,0,0,0,0,2 ks=0,0,0,0,0,0,130,0,211,0,0,221,0,0,0,0,0,0,0,147,251,208,0,223,0,0,0,0,233,0,0,238,0,0,0,0,0,0,89,0,0,203,0,0,0,70,0,0,74,148,0,0,0,0,0,0,0,0,0,0,181,248,0,0
00160 features=970 size=62 p=10 tap=28 reset=true scheme=3 ops=1,2,3,1,3,0,0,0,2,2,1,1,0,3,0,1,0,0,3,1,3,2,3,1,3,0,0,2,1,2,0,0,2,3,0,0,3,2,2,3,3,0,3,0,2,2,2,3,1,0,3,2,2,0,1,0,0,2,1,1,0,3,2,3 ks=145,147,64,214,65,156,7,154,46,117,77,141,27,79,207,71,20,0,182,90,210,188,150,117,69,234,191,239,92,188,120,195,199,19,12,175,28,93,197,28,147,0,249,39,119,130,214,122,42,51,219,143,139,3,81,162,4,90,79,104,142,39,134,96
00161 features=769 size=26 p=5 tap=14 reset=true scheme=3 ops=2,3,2,2,0,3,1,1,0,0,2,0,0,1,0,0,3,2,0,3,3,2,0,1,2,2,3,1,2,0,1,3,3,2,3,1,0,3,3,0,3,3,1,1,1,3,1,3,1,2,0,0,2,2,2,2,1,1,3,2,1,0,0,0 ks=0,106,204,0,0,66,0,0,241,0,0,1,196,0,243,85,203,185,0,49,120,107,0,0,163,0,0,0,0,253,194,187,43,189,0,15,0,0,0,0,0,223,0,0,0,72,0,0,194,241,0,0,0,248,0,0,0,0,0,111,0,0,0,0
00162 features=853 size=46 p=5 tap=42 reset=true scheme=3 ops=2,0,3,1,2,2,1,3,0,3,1,2,2,3,2,3,3,2,2,0,2,3,2,1,2,3,0,1,2,1,0,0,3,2,3,3,1,3,2,2,0,1,2,0,0,1,0,1,2,2,1,0,3,2,2,3,1,0,3,0,1,1,3,1 ks=85,230,0,0,0,114,0,130,194,243,106,0,225,72,110,61,147,106,109,0,111,127,113,63,115,131,234,8,83,21,225,199,182,88,0,28,225,0,0,72,158,24,26,0,222,177,0,0,0,61,0,223,0,18,41,0,91,99,0,0,206,14,179,204
00163 features=855 size=39 p=10 tap=8 reset=true scheme=3 ops=3,3,3,2,0,2,1,0,3,2,2,2,2,2,1,0,1,2,0,2,0,3,0,3,2,2,1,3,1,0,2,0,2,0,3,3,3,1,2,0,0,1,1,2,0,3,2,2,1,0,0,2,3,3,2,0,2,1,1,0,3,1,2,0 ks=207,133,0,27,114,10,0,0,1,0,32,42,0,0,218,142,229,8,0,126,104,112,60,0,0,147,201,0,248,125,141,19,0,0,0,216,0,182,0,140,222,129,0,88,168,230,0,0,0,0,105,0,0,202,99,0,199,49,0,0,93,85,154,3
00164 features=890 size=41 p=2 tap=1 reset=true scheme=3 ops=1,3,3,1,2,1,1,1,3,0,1,3,1,0,0,1,0,3,1,2,2,0,3,3,3,1,0,3,0,0,1,2,2,1,1,3,2,1,1,2,1,3,2,0,1,3,1,3,3,3,1,0,3,3,0,2,0,1,1,2,0,3,3,3 ks=0,116,37,170,0,0,225,54,118,186,45,224,232,235,0,147,0,71,0,37,0,0,116,0,0,117,172,111,0,223,204,0,206,252,152,3,1,0,89,0,154,0,214,0,0,29,134,0,0,195,210,0,4,55,220,140,0,57,0,107,0,224,191,85
00165 features=817 size=41 p=5 tap=49 reset=true scheme=3 ops=0,1,0,0,2,1,1,0,0,2,1,3,1,3,1,2,3,3,1,1,3,3,2,0,0,2,3,0,1,0,1,2,1,3,1,2,1,1,0,1,3,2,2,0,1,1,2,2,2,1,2,2,2,0,1,0,1,0,1,1,3,2,2,0 ks=0,231,0,0,249,83,0,37,55,0,129,33,94,0,85,99,79,0,0,101,173,0,0,154,0,80,148,187,226,0,252,0,79,250,166,74,0,252,37,186,0,184,68,109,252,81,136,105,194,24,0,41,158,79,0,0,0,112,0,0,219,0,0,72
00166 features=968 size=64 p=10 tap=54 reset=true scheme=3 ops=3,1,1,0,3,0,0,1,2,3,1,2,0,0,1,3,1,0,1,3,0,1,2,3,1,2,1,0,1,2,0,1,0,0,2,1,1,3,3,3,0,2,2,1,3,0,1,0,1,1,1,3,1,0,3,3,2,3,2,3,1,1,2,0 ks=40,168,59,102,140,36,23,135,19,87,82,49,135,58,238,40,194,233,228,234,89,185,19,136,224,203,206,82,232,196,28,15,34,212,209,185,182,244,15,246,33,74,36,71,201,81,107,9,238,43,44,125,107,189,227,19,248,52,149,9,86,106,50,5
00167 features=888 size=22 p=5 tap=51 reset=true scheme=3 ops=2,3,0,0,2,3,0,1,3,3,1,1,2,2,0,2,2,0,3,3,0,0,0,1,0,3,0,1,0,3,2,2,0,1,3,0,3,0,2,3,1,3,3,2,1,2,2,3,1,2,1,3,0,3,3,2,1,1,0,0,0,2,0,1 ks=0,0,0,0,0,0,0,117,0,160,0,68,231,0,0,0,0,0,0,210,0,0,0,248,0,0,197,0,174,0,0,0,0,64,0,126,0,0,233,79,244,0,52,0,41,0,0,214,0,0,150,0,0,0,0,0,100,0,94,22,77,218,0,0
00168 features=1007 size=60 p=10 tap=29 reset=true scheme=4 ops=3,3,1,3,1,0,2,3,1,0,1,0,3,1,2,3,3,2,3,2,1,1,1,1,2,0,3,3,3,3,0,2,2,2,1,2,3,1,3,1,3,0,1,0,3,1,0,0,0,2,2,3,2,3,1,0,2,3,0,2,1,1,0,2 ks=128,131,193,26,6,155,186,182,242,146,209,28,199,47,97,130,0,19,116,8,0,114,249,75,125,35,23,194,6,142,241,179,139,210,123,146,1,11,157,254,40,175,247,0,232,146,132,212,41,60,198,55,171,155,22,174,167,254,0,96,202,163,73,124
00169 features=773 size=20 p=1 tap=42 reset=true scheme=3 ops=3,3,3,0,1,3,0,2,3,0,0,3,3,0,2,1,0,1,3,1,1,0,3,0,0,0,2,0,1,1,3,2,1,0,1,1,2,0,1,2,2,0,3,1,2,0,0,1,0,0,1,1,3,2,3,0,3,2,3,2,1,0,2,3 ks=0,0,0,0,0,0,11,61,58,0,0,0,0,0,0,0,0,0,0,0,0,0,0,0,0,0,189,197,147,0,0,0,0,94,107,6,141,0,118,0,0,0,106,141,0,94,0,94,0,36,187,186,0,0,0,0,0,0,0,0,0,126,124,0
00170 features=977 size=63 p=2 tap=21 reset=true scheme=3 ops=0,2,1,1,3,1,3,3,1,0,3,1,3,2,2,1,3,0,2,2,0,3,3,0,2,0,1,2,3,2,2,2,3,1,3,3,1,2,0,2,2,2,2,2,1,3,2,3,0,3,1,3,3,3,0,1,0,1,0,2,1,1,2,1 ks=210,36,127,212,3,220,241,69,64,229,196,211,69,238,200,69,32,136,174,105,0,223,84,140,83,211,27,50,55,177,238,255,87,31,98,8,73,247,108,1,197,57,254,232,199,101,8,223,239,188,27,252,58,221,93,85,58,168,194,25,173,160,214,217
00171 features=682 size=21 p=1 tap=57 reset=true scheme=2 ops=3,3,2,0,3,2,0,1,0,2,3,2,1,1,0,1,0,0,1,3,0,1,2,1,3,0,3,0,3,2,3,3,3,0,0,1,3,3,2,0,3,3,0,1,3,2,2,0,3,1,0,1,3,2,3,1,2,1,0,1,0,3,1,3 ks=0,141,87,84,0,0,0,71,0,219,0,0,0,0,126,0,0,89,0,0,198,0,0,0,0,44,0,0,0,0,0,170,0,244,0,0,0,0,0,196,0,7,0,0,0,19,27,0,0,0,0,0,129,55,0,189,36,0,0,93,0,217,0,0
00172 features=761 size=17 p=10 tap=57 reset=true scheme=3 ops=1,2,2,3,2,3,0,0,0,1,2,3,0,1,1,2,2,3,1,2,2,0,0,3,2,1,1,0,3,3,0,3,1,0,1,0,3,1,1,0,3,2,0,2,2,0,0,1,3,3,0,2,0,0,1,2,1,1,3,0,3,1,1,0 ks=0,0,59,0,0,0,0,0,46,145,41,87,0,0,86,0,0,98,0,0,0,0,0,0,0,0,0,0,183,0,0,0,99,0,0,0,0,0,0,14,0,0,0,164,74,0,209,0,0,0,0,0,80,0,0,113,0,0,3,0,0,0,200,0
00173 features=1017 size=64 p=2 tap=58 reset=true scheme=2 ops=0,2,1,2,3,1,3,0,2,0,1,1,1,2,0,3,2,1,1,1,2,1,0,3,3,1,2,0,3,2,0,2,2,3,0,1,0,1,0,1,1,2,2,3,3,2,3,0,0,3,1,1,0,1,0,2,0,3,2,1,3,0,1,0 ks=93,23,16,222,19,112,238,76,230,165,82,21,193,243,41,62,241,231,204,147,34,174,29,87,54,9,113,136,7,56,186,85,42,165,203,41,189,24,215,129,3,253,16,101,251,54,28,164,164,22,215,61,212,117,8,177,161,204,246,33,6,168,160,32
00174 features=843 size=44 p=1 tap=37 reset=true scheme=3 ops=0,1,1,2,0,1,2,2,1,2,3,2,1,3,3,0,0,0,2,2,1,0,1,2,1,2,3,2,0,3,1,0,2,1,0,3,0,1,2,3,3,2,1,3,2,2,3,3,0,2,3,1,3,3,2,1,0,2,0,3,1,3,2,1 ks=94,0,9,113,100,88,219,231,107,24,0,173,0,181,157,76,0,111,37,0,0,162,82,23,0,6,228,0,213,0,0,21,0,0,175,15,55,0,147,0,198,0,192,0,165,0,187,93,154,115,181,199,0,40,13,193,206,134,204,75,143,0,0,174
00175 features=830 size=14 p=10 tap=40 reset=true scheme=4 ops=0,3,1,2,1,1,1,3,0,0,0,3,3,1,3,1,1,0,0,0,3,1,2,0,2,3,0,0,2,1,2,3,0,3,0,3,3,3,1,2,3,3,3,0,0,2,0,0,3,2,2,2,1,1,0,0,3,0,0,2,0,3,1,3 ks=0,240,152,0,0,0,175,0,0,0,0,0,0,0,0,0,0,0,0,0,57,0,0,0,187,0,0,0,0,0,0,0,178,0,25,236,0,0,0,0,142,0,0,0,105,0,0,0,211,0,62,0,0,0,0,141,0,0,0,0,0,124,0,0
00176 features=722 size=20 p=10 tap=62 reset=true scheme=3 ops=2,3,1,1,2,0,1,2,0,1,1,0,2,1,3,1,2,0,0,0,0,1,1,2,1,0,1,1,3,1,3,2,1,2,1,1,2,0,1,0,3,0,3,3,1,1,2,3,3,3,0,3,3,2,3,0,2,0,2,0,1,2,3,3 ks=0,0,67,106,0,234,188,0,0,0,23,90,0,0,0,0,155,0,206,0,0,0,0,95,0,0,0,0,0,9,0,0,0,0,90,0,0,0,0,0,0,0,0,0,83,0,33,0,0,50,0,156,57,0,0,0,0,181,220,0,0,0,220,230
00177 features=848 size=22 p=1 tap=19 reset=true scheme=2 ops=0,3,2,2,3,0,2,3,1,2,0,1,2,3,3,1,1,3,3,3,2,1,2,0,1,0,3,2,2,1,0,0,2,0,2,1,2,1,3,3,3,0,1,1,2,0,1,0,0,2,0,2,3,0,3,1,3,0,3,0,2,0,0,3 ks=0,0,0,0,131,225,239,117,108,0,0,0,0,0,197,161,0,0,156,0,0,0,0,122,0,245,0,0,152,0,0,0,0,170,190,138,82,0,93,0,0,0,0,0,0,0,0,0,0,0,0,252,0,0,0,152,0,123,0,145,0,204,0,92
00178 features=996 size=64 p=10 tap=33 reset=true scheme=2 ops=0,1,1,1,1,0,1,0,3,3,3,2,1,2,0,0,1,0,0,1,0,0,2,0,2,2,3,0,2,2,2,0,3,3,2,2,1,0,0,1,2,0,0,3,1,2,0,0,3,0,3,3,1,2,2,0,0,3,1,3,1,3,3,1 ks=65,44,215,185,52,203,65,176,161,93,12,111,217,6,61,122,105,242,127,150,88,207,132,37,115,140,201,148,219,134,124,229,255,81,163,115,151,161,7,93,105,154,179,61,42,4,196,185,118,93,86,137,248,245,201,176,13,31,18,90,83,171,43,209
00179 features=648 size=16 p=10 tap=45 reset=false scheme=0 ops=3,2,2,1,1,3,2,1,2,2,2,2,3,3,0,0,0,1,3,1,3,2,1,1,0,0,2,1,2,1,0,3,0,3,3,2,0,0,1,1,2,3,2,3,1,1,1,3,2,2,3,0,2,3,1,1,0,2,3,3,1,2,1,0 ks=0,7,0,0,0,0,0,0,0,0,0,51,118,0,0,0,252,0,17,1,0,0,0,0,0,0,0,0,12,166,53,91,0,0,82,0,0,0,0,0,0,0,0,18,0,0,0,0,0,0,0,0,106,0,222,0,0,0,116,88,0,0,0,0
00180 features=652 size=20 p=10 tap=56 reset=false scheme=2 ops=1,3,1,1,3,2,3,1,2,1,2,3,0,0,2,1,2,2,0,0,1,1,2,1,0,2,1,1,1,2,1,1,0,3,1,2,1,3,3,3,3,0,0,3,0,3,2,1,1,0,1,1,2,3,3,3,0,2,0,2,2,0,1,1 ks=215,0,0,0,17,0,162,0,179,114,0,0,0,0,0,0,0,0,0,0,148,0,12,0,0,0,28,0,0,0,0,0,59,0,0,0,0,156,211,79,0,0,187,0,0,41,0,0,0,138,0,0,0,0,0,0,32,0,73,53,0,132,0,207
00181 features=821 size=24 p=5 tap=15 reset=true scheme=3 ops=0,0,3,2,3,3,0,2,3,2,1,0,0,3,0,3,0,0,1,3,3,3,3,2,2,0,1,0,3,2,3,0,3,1,1,2,2,3,2,1,0,3,1,1,1,0,2,0,0,1,2,3,0,2,2,0,0,1,2,0,2,0,0,2 ks=0,0,0,0,0,0,0,234,232,155,204,170,28,0,0,0,0,0,0,0,0,0,0,0,35,13,173,156,0,145,4,0,0,136,59,164,0,0,0,0,0,0,23,48,97,0,0,89,33,0,0,0,0,116,0,253,39,0,0,0,0,0,0,40
00182 features=845 size=35 p=2 tap=35 reset=true scheme=3 ops=0,2,1,3,3,0,1,0,2,3,0,1,2,0,0,1,1,3,1,1,3,1,1,3,3,0,0,3,2,3,0,1,0,2,2,2,1,0,2,0,2,0,3,2,2,2,0,3,3,1,2,0,1,0,0,2,2,3,1,3,2,1,1,1 ks=32,0,170,0,178,89,0,169,0,251,159,0,0,144,192,0,65,149,212,0,0,183,0,203,130,83,0,31,78,0,245,0,11,42,248,0,138,0,0,0,35,0,109,118,0,0,0,134,0,0,224,218,0,240,0,0,214,0,58,31,0,0,64,117
00183 features=896 size=45 p=5 tap=5 reset=true scheme=3 ops=0,3,1,3,2,3,2,2,1,1,2,3,3,0,2,1,2,1,2,1,1,3,3,0,0,0,1,1,3,0,0,0,3,0,2,0,1,1,3,1,3,1,3,1,1,0,0,3,1,3,1,0,0,3,1,3,2,1,1,0,1,2,0,0 ks=97,0,0,253,156,191,48,0,207,107,39,0,17,48,242,80,166,25,192,19,0,155,78,218,0,0,154,138,38,0,4,24,0,0,217,147,243,0,75,220,47,109,182,0,153,0,51,162,180,168,210,7,0,0,0,209,134,0,39,148,162,249,0,0
00184 features=941 size=64 p=10 tap=11 reset=true scheme=3 ops=0,3,2,0,0,3,2,1,2,3,3,3,2,1,1,1,3,0,2,1,1,3,1,2,1,2,3,0,1,1,2,3,2,3,1,0,3,3,1,2,0,0,2,1,2,1,0,0,1,2,3,0,2,1,1,2,1,1,0,1,1,0,2,0 ks=50,69,149,253,177,216,90,204,72,181,242,69,72,169,219,104,13,18,248,139,97,110,11,232,28,61,110,81,54,4,113,144,190,146,103,183,23,231,108,100,127,203,104,23,160,61,5,96,95,74,104,108,60,245,31,3,249,30,30,218,127,99,170,78
00185 features=622 size=20 p=5 tap=16 reset=false scheme=1 ops=3,0,3,2,0,3,2,2,0,1,2,2,0,1,3,1,3,2,1,0,0,3,1,0,1,1,1,3,0,3,3,2,0,3,0,3,1,2,3,1,1,3,2,1,3,1,1,1,3,0,3,3,1,3,0,1,1,1,2,0,3,3,1,0 ks=183,0,0,0,53,241,0,0,0,0,0,0,0,0,0,10,115,0,24,0,0,0,19,0,213,0,42,0,0,0,22,90,0,0,4,0,0,69,0,0,200,135,11,0,206,61,0,0,0,47,0,0,0,0,0,79,0,0,0,0,0,0,0,0
00186 features=838 size=44 p=10 tap=16 reset=false scheme=0 ops=1,1,1,0,0,2,2,3,2,2,0,0,0,2,2,3,3,1,3,2,0,1,2,3,2,2,2,1,0,1,2,0,2,0,1,0,2,1,3,2,2,0,1,2,2,2,0,2,1,1,0,0,1,1,1,3,2,3,2,1,0,2,0,1 ks=0,211,230,240,42,90,84,0,0,0,241,121,0,0,0,134,64,0,0,2,78,77,39,0,121,219,158,77,154,120,0,0,0,92,237,0,10,0,244,37,18,73,0,0,183,55,22,23,0,78,246,21,103,68,121,0,70,3,0,181,244,226,77,75
00187 features=869 size=41 p=1 tap=23 reset=true scheme=3 ops=1,3,3,0,3,2,1,0,1,0,3,0,1,0,1,2,0,3,0,1,1,0,2,1,1,3,2,3,2,1,3,1,0,2,2,3,1,0,0,2,1,1,1,3,2,2,2,0,1,3,2,0,3,0,2,1,2,0,1,0,3,2,1,1 ks=0,125,115,63,39,19,148,88,187,0,194,0,127,0,144,0,233,136,36,0,0,169,144,128,117,0,62,0,0,199,0,252,205,0,152,218,235,244,0,0,50,0,252,0,161,109,248,0,96,0,14,129,0,144,2,239,221,0,64,0,0,104,0,210
00188 features=955 size=64 p=10 tap=10 reset=true scheme=3 ops=2,0,0,1,2,3,0,3,2,0,1,3,3,2,2,0,2,2,2,0,2,2,3,3,1,2,1,1,1,1,3,1,2,3,0,2,1,1,0,3,2,3,2,2,3,1,2,3,2,2,1,0,3,2,0,3,3,1,1,1,2,3,3,3 ks=237,121,76,125,132,85,38,110,200,224,139,104,58,204,31,71,146,144,54,132,82,214,235,174,104,63,36,54,91,248,2,39,166,37,52,165,255,1,139,82,167,54,27,236,186,129,67,156,118,36,10,195,150,128,161,11,178,123,134,184,214,189,107,109
00189 features=634 size=20 p=10 tap=59 reset=false scheme=0 ops=0,0,3,1,1,3,2,2,3,0,2,2,2,1,2,1,1,1,1,1,0,3,1,1,1,1,3,3,2,0,0,2,1,3,0,2,1,1,0,1,0,2,2,3,3,2,1,2,3,1,3,0,3,2,1,2,3,0,3,2,1,1,3,2 ks=0,70,202,0,0,0,0,214,0,0,0,0,214,110,215,0,154,0,195,0,0,0,177,0,231,0,227,0,0,8,0,0,229,0,0,0,0,0,0,180,174,0,0,0,0,0,0,0,187,0,33,172,0,0,0,97,0,0,0,0,0,88,0,0
00190 features=884 size=43 p=1 tap=19 reset=true scheme=3 ops=3,2,1,0,3,2,2,1,0,1,2,1,1,1,0,3,3,2,3,3,1,2,3,1,3,0,2,3,2,3,3,3,2,1,1,2,0,3,2,2,3,3,0,0,2,2,2,3,3,1,2,1,3,3,3,3,2,1,0,0,0,3,0,0 ks=162,227,169,123,208,251,57,0,1,134,0,124,161,214,54,0,14,0,9,142,20,0,0,0,248,0,0,243,0,0,84,122,48,92,1,0,151,220,18,17,0,154,41,254,37,0,71,0,66,0,0,0,0,65,0,22,64,6,0,137,107,63,213,65
00191 features=964 size=62 p=5 tap=2 reset=true scheme=3 ops=0,3,3,2,2,3,1,1,2,1,3,1,1,0,2,3,3,0,1,2,2,3,3,0,0,0,2,2,2,1,1,1,2,1,3,2,1,3,3,3,2,0,2,0,1,2,1,1,3,0,1,0,2,2,0,1,2,1,0,3,1,1,2,3 ks=176,231,246,157,107,28,91,128,59,35,160,159,45,216,130,194,217,158,24,110,66,86,97,239,108,39,65,176,0,255,94,103,14,102,161,134,159,31,55,103,123,32,246,184,248,224,0,150,252,9,98,109,183,241,86,219,35,176,158,167,98,171,144,225
00192 features=828 size=43 p=5 tap=36 reset=true scheme=3 ops=0,3,3,1,0,1,1,1,0,3,1,3,2,0,3,0,0,1,2,3,1,1,1,0,0,0,3,0,1,3,0,1,0,3,2,1,0,3,3,3,3,3,3,1,0,3,2,3,1,3,2,1,1,0,3,0,3,1,1,0,1,0,3,1 ks=65,0,82,115,135,18,0,0,169,0,65,56,78,67,0,241,160,71,0,242,0,0,153,248,178,87,0,0,237,111,20,0,0,175,0,74,0,221,113,55,222,0,128,168,25,212,91,26,139,227,0,0,99,201,16,63,129,0,114,68,0,0,0,191
00193 features=908 size=46 p=10 tap=43 reset=true scheme=3 ops=3,0,0,3,2,1,2,2,3,2,0,1,0,0,3,2,2,3,3,2,2,3,3,2,2,1,0,3,1,2,1,3,1,2,3,3,2,0,0,0,2,3,3,0,1,2,2,1,2,2,0,2,1,1,0,3,0,0,1,3,2,2,1,1 ks=219,245,0,90,15,58,198,33,0,166,0,181,152,122,11,86,79,0,86,144,0,68,8,78,0,0,218,0,101,0,85,93,2,251,226,36,0,70,129,87,0,141,37,0,238,0,1,25,0,0,192,245,177,0,86,174,87,0,165,31,0,45,107,99
00194 features=695 size=35 p=5 tap=18 reset=false scheme=3 ops=2,0,1,0,2,0,1,3,3,1,1,0,3,0,1,2,3,2,3,2,2,2,0,0,2,0,2,0,0,2,1,3,0,0,3,1,1,2,2,3,1,1,1,3,3,2,1,2,3,3,3,0,1,1,0,2,1,1,1,3,1,1,1,1 ks=122,0,0,145,0,0,0,0,0,0,163,0,151,3,0,0,0,115,88,75,163,89,37,46,41,146,255,71,88,0,26,67,0,0,0,53,97,158,0,64,0,6,231,0,66,133,0,36,0,213,0,142,89,194,235,107,0,0,0,0,0,0,0,242
