33 1177
65 1190
97 1197
129 1199
161 1214
193 1222
225 1222
257 1222
289 1222
321 1234
353 1235
385 1238
417 1238
449 1240
481 1249
513 1254
545 1282
577 1283
609 1303
641 1303
673 1314
705 1315
737 1315
769 1344
801 1344
833 1344
865 1344
897 1346
929 1346
961 1346
993 1349
1025 1349
1057 1349
1089 1386
1121 1389
1153 1389
1185 1391
1217 1391
1249 1391
1281 1391
1313 1394
1345 1394
1377 1394
1409 1394
1441 1395
1473 1395
1505 1395
1537 1398
1569 1402
1601 1404
1633 1409
1665 1409
1697 1409
1729 1412
1761 1416
1793 1425
1825 1425
1857 1425
1889 1426
1921 1426
1953 1428
1985 1428
2017 1428
2049 1431
2081 1431
2113 1431
2145 1431
2177 1432
2209 1432
2241 1432
2273 1442
2305 1442
2337 1443
2369 1455
2401 1455
2433 1455
2465 1481
2497 1481
2529 1481
2561 1481
2593 1481
2625 1481
2657 1481
2689 1482
2721 1482
2753 1482
2785 1482
2817 1482
2849 1482
2881 1482
2913 1490
2945 1490
2977 1490
3009 1492
3041 1492
3073 1492
3105 1492
3137 1492
3169 1495
3201 1495
3233 1495
3265 1496
3297 1496
3329 1496
3361 1498
3393 1498
3425 1498
3457 1498
3489 1499
3521 1499
3553 1499
3585 1499
3617 1499
3649 1499
3681 1499
3713 1500
3745 1502
3777 1502
3809 1502
3841 1502
3873 1502
3905 1502
3937 1502
3969 1504
4001 1504
4033 1504
4065 1504
4097 1504
4129 1504
4161 1504
4193 1529
4225 1529
4257 1534
4289 1534
4321 1534
4353 1538
4385 1538
4417 1538
4449 1538
4481 1538
4513 1538
4545 1538
4577 1538
4609 1538
4641 1538
4673 1538
4705 1538
4737 1538
4769 1541
4801 1541
4833 1541
4865 1541
4897 1543
4929 1543
4961 1543
4993 1543
5025 1545
5057 1545
5089 1545
5121 1546
5153 1546
5185 1547
5217 1548
5249 1548
5281 1548
5313 1548
5345 1548
5377 1553
5409 1556
5441 1556
5473 1560
5505 1560
5537 1591
5569 1591
5601 1592
5633 1592
5665 1592
5697 1592
5729 1595
5761 1595
5793 1595
5825 1595
5857 1595
5889 1595
5921 1595
5953 1595
5985 1595
6017 1598
6049 1599
6081 1604
6113 1613
6145 1613
6177 1613
6209 1613
6241 1613
6273 1613
6305 1613
6337 1613
6369 1613
6401 1613
6433 1618
6465 1621
6497 1621
6529 1621
6561 1621
6593 1621
6625 1621
6657 1621
6689 1621
6721 1621
6753 1621
6785 1621
6817 1621
6849 1621
6881 1622
6913 1622
6945 1622
6977 1632
7009 1632
7041 1632
7073 1632
7105 1632
7137 1633
7169 1633
7201 1633
7233 1633
7265 1633
7297 1633
7329 1633
7361 1636
7393 1636
7425 1636
7457 1636
7489 1636
7521 1636
7553 1636
7585 1636
7617 1636
7649 1636
7681 1636
7713 1636
7745 1636
7777 1636
7809 1638
7841 1638
7873 1638
7905 1638
7937 1638
7969 1638
8001 1641
8033 1641
8065 1642
8097 1642
8129 1642
8161 1642
8193 1642
8225 1642
8257 1642
8289 1642
8321 1642
8353 1642
8385 1642
8417 1644
8449 1644
8481 1644
8513 1646
8545 1646
8577 1646
8609 1648
8641 1648
8673 1648
8705 1649
8737 1649
8769 1649
8801 1649
8833 1649
8865 1649
8897 1649
8929 1649
8961 1649
8993 1649
9025 1649
9057 1649
9089 1649
9121 1649
9153 1649
9185 1649
9217 1649
9249 1649
9281 1649
9313 1649
9345 1649
9377 1649
9409 1650
9441 1653
9473 1656
9505 1656
9537 1656
9569 1656
9601 1656
9633 1658
9665 1661
9697 1661
9729 1661
9761 1661
9793 1661
9825 1661
9857 1661
9889 1661
9921 1661
9953 1661
9985 1661
10017 1661
10049 1661
10081 1661
10113 1661
10145 1661
10177 1661
10209 1661
10241 1661
10273 1661
10305 1661
10337 1661
10369 1662
10401 1662
10433 1663
10465 1663
10497 1664
10529 1664
10561 1664
10593 1664
10625 1664
10657 1664
10689 1664
10721 1664
10753 1664
10785 1664
10817 1664
10849 1664
10881 1664
10913 1664
10945 1664
10977 1664
11009 1664
11041 1664
11073 1664
11105 1664
11137 1664
11169 1664
11201 1664
11233 1664
11265 1664
11297 1667
11329 1667
11361 1667
11393 1680
11425 1680
11457 1680
11489 1684
11521 1684
11553 1686
11585 1686
11617 1693
11649 1693
11681 1693
11713 1693
11745 1694
11777 1694
11809 1694
11841 1694
11873 1694
11905 1694
11937 1694
11969 1694
12001 1694
12033 1694
12065 1694
12097 1694
12129 1694
12161 1694
12193 1694
12225 1694
12257 1694
12289 1694
12321 1694
12353 1694
12385 1694
12417 1694
12449 1694
12481 1694
12513 1695
12545 1695
12577 1696
12609 1696
12641 1697
12673 1697
12705 1697
12737 1697
12769 1697
12801 1697
12833 1697
12865 1697
12897 1697
12929 1697
12961 1697
12993 1697
13025 1697
13057 1697
13089 1699
13121 1699
13153 1699
13185 1699
13217 1699
13249 1700
13281 1700
13313 1701
13345 1701
13377 1701
13409 1701
13441 1701
13473 1701
13505 1701
13537 1701
13569 1701
13601 1701
13633 1701
13665 1703
13697 1703
13729 1703
13761 1703
13793 1703
13825 1703
13857 1703
13889 1703
13921 1703
13953 1703
13985 1703
14017 1706
14049 1706
14081 1706
14113 1706
14145 1706
14177 1706
14209 1706
14241 1706
14273 1706
14305 1706
14337 1706
14369 1706
14401 1706
14433 1706
14465 1706
14497 1706
14529 1707
14561 1707
14593 1707
14625 1707
14657 1707
14689 1707
14721 1707
14753 1707
14785 1707
14817 1707
14849 1707
14881 1707
14913 1707
14945 1707
14977 1707
15009 1713
15041 1713
15073 1713
15105 1716
15137 1716
15169 1716
15201 1716
15233 1717
15265 1717
15297 1717
15329 1719
15361 1719
15393 1719
15425 1719
15457 1719
15489 1719
15521 1719
15553 1719
15585 1719
15617 1719
15649 1719
15681 1719
15713 1719
15745 1719
15777 1719
15809 1719
15841 1719
15873 1719
15905 1720
15937 1720
15969 1720
16001 1720
16033 1720
16065 1720
16097 1720
16129 1720
16161 1720
16193 1720
16225 1720
16257 1720
16289 1720
16321 1720
16353 1720
16385 1720
16417 1720
16449 1721
16481 1721
16513 1721
16545 1721
16577 1721
16609 1721
16641 1721
16673 1721
16705 1721
16737 1721
16769 1721
16801 1721
16833 1721
16865 1721
16897 1721
16929 1722
16961 1722
16993 1722
17025 1722
17057 1722
17089 1722
17121 1722
17153 1725
17185 1725
17217 1725
17249 1725
17281 1725
17313 1728
17345 1728
17377 1728
17409 1728
17441 1728
17473 1728
17505 1728
17537 1728
17569 1728
17601 1728
17633 1728
17665 1728
17697 1729
17729 1729
17761 1729
17793 1729
17825 1729
17857 1731
17889 1731
17921 1731
17953 1731
17985 1731
18017 1731
18049 1731
18081 1731
18113 1731
18145 1731
18177 1732
18209 1732
18241 1732
18273 1745
18305 1745
18337 1745
18369 1745
18401 1745
18433 1745
18465 1745
18497 1745
18529 1745
18561 1745
18593 1745
18625 1745
18657 1745
18689 1745
18721 1745
18753 1745
18785 1745
18817 1745
18849 1745
18881 1745
18913 1745
18945 1745
18977 1745
19009 1745
19041 1745
19073 1745
19105 1745
19137 1745
19169 1745
19201 1747
19233 1747
19265 1747
19297 1747
19329 1747
19361 1749
19393 1749
19425 1749
19457 1749
19489 1749
19521 1749
19553 1749
19585 1749
19617 1749
19649 1749
19681 1749
19713 1749
19745 1749
19777 1749
19809 1751
19841 1751
19873 1751
19905 1751
19937 1751
19969 1751
20001 1751
