00000 features=921 size=63 p=5 tap=11 reset=true scheme=3 ops=1,3,2,0,1,1,0,0,3,0,1,1,2,1,0,1,3,1,1,2,3,2,0,2,1,3,2,2,0,2,3,3,3,1,1,2,2,2,3,0,0,2,2,3,1,1,1,1,2,3,0,3,1,2,2,1,1,0,1,2,1,0,1,0 ks=255,235,205,48,3,175,188,108,35,133,34,223,166,229,50,140,126,149,2,195,181,0,31,240,53,142,40,112,116,12,241,62,82,131,235,179,30,87,250,196,3,94,141,148,136,77,7,96,166,252,143,144,177,198,76,119,139,138,165,122,3,218,120,140
00001 features=850 size=45 p=10 tap=33 reset=false scheme=5 ops=1,0,2,0,0,0,1,3,2,0,1,1,0,0,0,3,2,0,2,2,3,2,2,2,3,0,2,1,0,0,0,2,2,1,0,1,0,0,2,3,2,0,3,3,3,0,0,1,2,0,1,0,3,0,0,0,2,1,0,1,1,0,3,0 ks=248,0,250,230,0,95,156,228,61,237,0,0,0,17,218,171,249,224,44,35,61,160,199,175,95,61,55,231,0,205,37,0,0,0,196,96,186,0,39,189,0,0,63,0,5,239,249,0,166,182,0,0,48,0,152,3,213,247,71,193,124,0,95,0
00002 features=829 size=21 p=10 tap=63 reset=true scheme=2 ops=0,1,1,0,3,0,2,3,3,3,2,2,1,2,2,0,2,0,3,3,2,2,3,1,0,3,1,1,2,3,3,2,3,3,2,3,1,1,2,1,1,0,1,3,0,1,1,1,1,1,3,3,0,0,3,2,3,0,3,2,0,2,0,0 ks=83,0,0,0,43,0,0,0,0,0,0,0,140,9,0,99,0,44,0,0,163,211,0,0,0,0,0,79,0,209,0,0,194,0,0,45,0,209,0,165,0,0,40,0,0,0,206,250,0,0,206,105,0,0,0,0,0,0,21,179,0,0,0,0
00003 features=830 size=39 p=5 tap=62 reset=false scheme=1 ops=2,1,1,2,0,3,1,1,1,0,2,0,2,2,2,0,1,2,0,3,2,2,0,0,1,2,3,1,1,2,3,1,3,1,3,0,2,2,1,0,2,1,0,2,2,3,3,0,1,0,1,3,0,1,3,0,1,2,0,0,2,0,3,1 ks=115,244,0,220,77,175,0,81,0,233,81,243,243,196,232,104,52,0,5,126,6,0,0,44,161,88,39,69,0,0,111,126,19,80,0,0,0,0,0,215,0,241,217,0,0,196,0,0,210,0,0,0,252,0,185,134,0,239,143,0,33,156,0,44
00004 features=893 size=38 p=1 tap=34 reset=true scheme=0 ops=0,1,1,1,3,0,1,1,1,2,0,2,2,3,2,1,2,3,0,3,1,1,2,3,1,3,1,3,3,0,0,3,3,1,1,0,2,0,1,1,0,2,1,2,0,1,3,2,2,3,0,1,2,3,0,3,1,2,3,0,1,0,2,0 ks=0,241,0,0,118,240,114,234,230,183,157,0,0,0,0,11,200,201,0,46,76,0,112,0,0,0,206,0,210,0,1,0,2,28,122,107,0,69,192,253,0,0,185,101,200,0,224,179,251,0,0,0,0,208,0,116,91,214,92,173,190,0,0,249
00005 features=837 size=22 p=1 tap=60 reset=true scheme=3 ops=2,3,2,0,0,2,0,1,0,2,0,0,0,2,0,2,1,3,2,0,3,2,1,3,0,3,1,3,3,3,3,2,2,3,1,2,3,0,0,0,0,1,3,0,1,0,0,3,1,3,2,2,0,2,0,1,3,1,2,3,1,1,3,3 ks=9,0,0,0,0,0,135,0,0,0,0,0,0,0,138,0,0,93,6,0,21,0,0,0,0,0,250,19,0,39,103,0,0,0,0,0,213,0,25,0,0,0,0,0,126,0,7,2,0,169,213,0,34,112,0,0,0,0,0,0,199,0,166,38
00006 features=997 size=64 p=10 tap=60 reset=false scheme=3 ops=3,1,1,1,3,2,3,3,0,0,2,2,3,3,0,0,2,2,2,3,1,2,2,1,1,1,2,3,2,0,3,0,2,3,1,3,2,3,1,2,2,1,2,3,0,3,3,3,0,1,0,3,1,1,2,0,1,3,1,3,1,1,1,2 ks=17,69,188,156,174,250,38,207,241,112,118,140,78,150,160,194,110,106,87,51,210,56,37,255,143,60,20,77,136,159,69,5,226,9,91,82,114,248,121,222,108,147,11,190,112,105,221,55,47,66,142,16,114,100,233,12,133,205,143,242,59,196,233,2
00007 features=947 size=64 p=10 tap=42 reset=false scheme=3 ops=1,3,3,2,0,2,0,2,2,2,3,1,0,0,3,0,0,3,3,1,0,2,3,1,1,1,0,0,3,0,0,0,1,2,0,3,3,3,1,0,2,3,3,1,2,3,3,2,1,3,1,3,3,1,0,0,2,0,2,0,0,3,1,3 ks=232,86,59,108,236,121,246,222,74,182,165,40,88,241,79,119,199,51,37,66,223,49,251,67,230,137,235,244,81,207,209,70,30,174,66,81,94,239,138,11,12,55,56,252,251,94,49,77,85,28,29,30,147,72,158,244,54,220,42,22,40,240,138,209
00008 features=662 size=14 p=1 tap=6 reset=false scheme=4 ops=0,1,1,0,3,0,0,1,2,0,1,1,3,3,2,3,3,3,0,2,3,0,0,3,0,0,1,2,3,0,0,1,2,3,1,1,3,0,1,1,0,0,3,1,2,3,0,2,0,3,2,1,1,3,1,1,3,2,1,3,0,1,3,2 ks=0,0,0,0,0,0,0,0,0,0,233,0,232,0,0,0,0,19,114,0,36,0,0,0,59,0,0,0,205,0,0,0,0,229,0,0,251,4,0,29,0,198,0,0,0,0,0,0,0,0,0,140,0,0,0,0,0,0,0,0,0,62,0,0
00009 features=979 size=40 p=10 tap=46 reset=true scheme=0 ops=2,2,0,3,2,1,0,1,2,0,3,3,1,1,2,3,2,3,0,0,2,1,0,0,3,0,1,3,0,2,3,3,1,3,3,0,3,3,0,2,2,3,1,2,1,3,2,2,0,2,0,3,3,3,3,2,3,3,3,3,0,3,1,1 ks=0,0,0,140,0,190,0,185,168,204,32,0,0,175,0,0,0,146,215,0,0,248,76,0,0,0,43,215,230,0,14,0,255,119,104,28,69,8,124,0,0,0,167,246,63,0,145,193,0,249,170,62,39,223,226,108,108,74,0,169,99,148,204,0
00010 features=862 size=41 p=2 tap=19 reset=false scheme=1 ops=3,0,3,3,3,3,2,2,0,2,1,3,3,3,2,1,0,1,1,1,3,3,0,0,1,0,0,2,3,1,2,1,0,0,0,3,0,3,3,2,0,2,1,0,1,3,2,1,0,0,3,2,0,3,0,3,3,0,2,3,1,2,0,1 ks=227,70,181,0,186,26,0,46,0,5,149,0,0,102,0,82,0,0,100,129,57,0,0,128,0,26,0,78,114,57,73,44,79,208,0,0,172,161,0,32,62,0,87,167,0,129,246,0,179,24,0,51,0,199,175,119,146,92,93,0,0,0,48,3
00011 features=780 size=37 p=5 tap=21 reset=false scheme=0 ops=1,1,0,1,3,2,1,2,2,0,2,3,2,0,3,2,2,3,2,2,3,3,1,2,1,0,3,3,0,3,1,2,0,0,3,1,1,0,0,1,0,2,2,3,1,1,2,2,1,2,2,0,1,0,1,1,0,0,1,2,0,2,0,3 ks=184,51,108,210,0,133,223,234,0,143,0,142,0,0,0,26,0,0,190,0,0,0,106,242,0,225,19,237,76,0,169,0,0,232,85,0,0,0,136,0,0,213,208,154,254,90,152,0,124,97,163,229,187,33,250,0,0,0,0,84,137,0,0,165
00012 features=933 size=42 p=1 tap=50 reset=true scheme=1 ops=0,0,1,0,0,3,1,0,1,0,0,3,2,3,3,3,2,1,3,3,2,1,2,0,1,0,3,2,3,2,3,3,0,0,3,1,1,0,2,1,3,0,1,3,2,2,1,3,3,3,3,3,2,0,3,1,3,2,3,3,0,3,1,1 ks=0,0,0,161,249,234,234,0,0,0,57,177,204,47,191,75,168,251,0,124,0,174,12,0,64,0,210,0,0,80,148,173,0,0,159,120,54,160,116,182,221,207,198,0,229,209,248,0,143,226,0,0,0,105,226,208,0,27,132,0,121,146,0,175
00013 features=860 size=22 p=2 tap=61 reset=true scheme=4 ops=2,1,3,2,0,0,0,3,2,2,1,1,0,0,1,2,2,3,2,0,1,3,2,3,0,3,0,3,0,0,0,2,3,1,1,3,1,3,2,1,2,0,1,2,3,2,3,2,2,3,2,2,2,2,1,2,1,2,0,0,1,1,3,1 ks=0,0,0,0,0,0,0,140,65,0,121,0,0,0,5,0,61,0,239,0,74,0,0,0,141,0,0,153,0,0,94,0,0,0,9,63,0,130,0,152,0,250,101,0,0,0,197,0,0,0,139,0,103,176,192,0,0,0,0,0,0,196,0,0
00014 features=785 size=27 p=2 tap=15 reset=true scheme=1 ops=3,1,2,2,3,1,3,1,2,0,1,1,1,3,0,2,0,1,2,0,3,0,0,1,0,1,3,3,2,1,3,2,3,2,1,1,2,0,2,0,0,2,1,2,1,3,2,1,2,1,0,1,0,2,1,1,0,2,0,2,2,3,1,3 ks=0,0,36,0,29,0,0,62,26,196,38,0,0,69,180,0,0,0,75,0,0,188,0,189,0,0,236,201,0,29,238,230,84,0,0,132,0,190,0,11,0,93,0,0,67,32,0,0,253,0,0,0,31,0,0,0,134,0,0,241,0,0,0,0
00015 features=807 size=23 p=1 tap=57 reset=false scheme=2 ops=1,0,1,0,1,0,1,3,2,0,3,0,0,3,0,3,3,0,1,1,0,2,3,2,2,3,3,3,3,0,2,3,3,1,2,1,1,1,0,2,2,2,3,0,1,3,2,0,2,0,0,3,0,2,2,3,2,1,2,3,2,0,0,2 ks=0,0,78,0,0,0,170,0,0,0,55,139,0,144,246,8,111,0,221,0,0,0,13,0,0,0,253,33,89,0,0,0,0,0,110,0,11,0,141,153,100,57,0,0,0,0,0,2,0,0,83,0,0,0,6,0,0,0,0,0,151,0,0,0
00016 features=866 size=47 p=5 tap=0 reset=true scheme=2 ops=1,0,3,1,1,1,2,0,3,0,2,2,0,2,1,1,2,3,2,1,3,2,2,1,1,0,2,2,2,1,2,0,3,3,3,2,2,2,1,2,3,3,1,3,1,3,0,3,1,0,2,3,3,3,2,1,2,2,3,3,1,3,0,2 ks=136,182,96,47,141,29,18,205,48,162,86,83,69,35,0,0,0,0,0,29,0,174,25,0,0,127,114,3,32,0,8,105,199,172,0,225,82,13,197,151,81,181,0,0,210,108,27,161,57,131,154,162,46,234,0,0,50,75,107,120,149,0,0,0
00017 features=892 size=40 p=5 tap=61 reset=true scheme=5 ops=0,2,0,0,2,2,2,1,1,2,1,2,1,0,0,3,3,3,1,1,3,0,3,0,1,2,3,3,0,2,3,2,1,1,2,1,2,2,3,2,3,2,3,1,3,2,0,0,0,1,2,1,3,1,1,0,2,2,0,1,3,2,3,1 ks=219,120,228,201,41,85,0,0,0,247,162,0,121,222,82,116,117,40,123,170,224,0,0,255,0,0,0,0,87,0,83,0,11,143,165,195,0,204,56,118,0,0,144,40,0,153,80,138,0,83,31,138,201,0,0,72,41,127,0,0,0,0,0,46
00018 features=749 size=26 p=2 tap=54 reset=false scheme=3 ops=0,1,3,1,2,3,0,2,3,0,0,1,3,2,2,1,3,0,2,1,0,3,3,0,1,2,3,1,1,2,0,3,2,3,2,1,3,1,0,1,1,2,1,2,0,2,2,2,1,2,0,0,1,2,1,1,1,3,0,0,0,1,1,2 ks=0,0,97,236,0,0,0,0,0,0,0,216,202,126,237,0,138,0,75,0,0,36,0,0,83,0,0,0,146,0,51,174,77,146,0,0,0,52,63,0,148,77,0,0,0,21,0,0,44,0,0,33,91,0,89,0,6,0,0,0,214,0,0,0
00019 features=864 size=42 p=5 tap=36 reset=true scheme=5 ops=1,2,1,1,3,1,3,1,1,3,1,2,0,1,3,0,2,3,2,0,0,1,3,1,0,0,3,2,2,1,1,3,0,2,0,1,0,1,3,2,3,1,3,1,3,1,3,3,1,3,3,1,3,2,0,0,0,3,3,1,2,2,1,0 ks=47,104,0,0,68,0,0,111,88,143,42,56,162,223,0,0,64,103,222,135,213,0,253,0,64,0,230,93,216,0,59,119,0,106,234,85,214,92,181,0,223,0,150,0,1,215,0,134,86,0,0,219,134,0,40,0,56,47,56,99,32,0,0,0
00020 features=971 size=64 p=1 tap=51 reset=true scheme=3 ops=2,3,0,0,2,1,1,0,1,1,2,1,3,2,2,2,1,0,2,3,1,0,3,2,0,2,2,1,1,2,0,2,1,1,2,0,3,2,2,1,3,2,0,2,0,0,3,1,1,2,2,1,3,1,3,2,1,2,2,1,1,2,3,0 ks=58,99,191,190,182,249,148,167,249,9,147,205,135,50,28,19,111,172,96,232,222,218,139,31,166,213,28,210,94,243,173,191,62,108,103,69,47,75,175,100,193,222,163,161,83,189,235,123,242,247,86,74,225,154,193,47,43,52,60,157,21,223,226,70
00021 features=720 size=22 p=5 tap=50 reset=true scheme=3 ops=3,1,3,2,2,3,1,2,0,0,0,2,1,1,1,2,3,2,3,0,1,3,2,3,2,2,2,2,0,0,3,1,2,3,1,2,1,2,0,2,2,2,2,0,3,1,2,1,1,3,2,1,2,2,2,1,2,2,1,3,1,0,1,3 ks=215,235,0,0,36,227,0,116,190,0,0,57,0,113,0,0,15,0,0,0,0,0,0,0,46,0,0,0,254,177,0,0,0,0,162,0,0,0,0,76,0,0,0,49,0,0,195,0,0,100,0,0,97,0,0,66,0,208,102,215,0,0,0,0
00022 features=976 size=64 p=1 tap=28 reset=false scheme=0 ops=0,0,0,3,2,1,3,0,0,3,2,2,1,3,2,3,1,1,2,1,2,2,3,1,2,1,2,1,1,3,1,1,0,1,0,2,3,2,1,1,0,0,1,0,0,3,3,1,3,3,1,0,3,2,0,2,0,3,1,3,1,2,2,2 ks=41,143,254,35,41,209,249,137,105,34,2,166,3,146,74,148,155,139,243,82,255,67,255,166,75,53,178,188,32,167,130,135,207,31,182,243,198,175,210,180,239,34,2,30,104,157,99,8,158,168,155,189,28,208,63,110,240,218,6,20,125,41,231,80
00023 features=978 size=64 p=1 tap=49 reset=true scheme=3 ops=2,3,2,1,2,2,3,0,1,3,1,2,2,2,0,1,3,3,1,1,3,3,1,0,1,1,0,1,0,0,2,0,1,0,1,2,2,3,2,0,2,1,1,1,1,1,1,2,2,2,1,3,1,2,3,3,2,1,3,1,2,0,2,2 ks=255,10,29,219,102,187,26,83,26,214,242,12,179,198,253,89,113,246,209,238,88,254,134,209,245,93,211,110,41,144,47,6,180,111,12,56,221,57,159,249,167,151,17,113,143,202,84,192,144,177,232,187,39,46,24,193,197,87,156,101,67,190,46,239
00024 features=831 size=45 p=10 tap=34 reset=false scheme=2 ops=1,1,3,1,1,2,0,1,2,3,1,3,0,3,1,1,1,1,1,2,1,2,3,3,0,1,3,1,3,3,3,3,3,3,3,2,3,1,2,2,0,1,1,0,3,1,3,1,2,3,2,2,2,0,3,2,0,2,0,2,2,0,0,0 ks=68,84,0,0,93,98,0,20,166,0,210,87,32,243,137,236,0,205,0,148,212,137,134,0,186,175,149,197,157,246,159,122,0,156,236,0,29,125,231,0,0,0,0,168,131,22,251,1,211,0,0,243,25,0,26,186,0,73,0,196,26,29,4,0
00025 features=834 size=42 p=10 tap=48 reset=true scheme=3 ops=3,1,1,1,3,3,0,1,1,0,2,2,0,3,0,3,0,2,1,0,0,1,1,1,1,0,3,2,3,2,1,2,1,2,3,0,2,3,3,2,2,0,3,1,0,0,0,2,2,3,3,3,1,2,0,3,3,1,1,1,0,3,3,2 ks=0,106,28,13,0,146,0,0,229,0,0,0,138,0,108,112,126,248,0,0,110,0,0,181,216,0,139,0,180,19,130,74,188,129,0,0,0,0,218,85,0,167,82,3,0,199,198,213,174,234,33,189,42,149,213,42,13,0,183,124,0,15,126,239
00026 features=786 size=24 p=1 tap=55 reset=true scheme=1 ops=1,2,2,0,2,1,1,3,0,2,1,1,2,1,0,3,0,3,0,2,1,3,3,0,3,0,0,2,0,0,2,0,3,3,3,2,0,2,0,3,3,1,0,1,1,2,1,3,2,2,1,0,3,1,3,3,1,3,0,3,3,0,1,0 ks=0,171,0,0,0,193,0,74,0,199,0,0,0,0,178,0,0,0,90,0,0,227,157,28,232,25,0,0,0,226,0,247,146,185,0,67,0,0,0,0,0,0,0,0,0,0,0,0,55,61,0,0,216,7,0,0,0,240,154,0,0,192,0,219
00027 features=698 size=13 p=5 tap=21 reset=true scheme=3 ops=0,1,2,2,0,0,1,2,0,2,0,1,0,0,0,2,0,3,1,1,0,0,2,1,1,0,0,1,2,1,2,3,2,1,3,1,2,1,0,3,2,3,1,0,1,2,3,3,2,3,3,3,3,3,2,3,0,3,3,1,2,1,1,3 ks=0,0,0,0,0,0,0,0,191,0,0,0,0,0,130,0,0,0,0,0,0,0,0,91,0,0,0,228,0,0,250,0,0,0,29,0,0,0,0,0,166,0,0,160,0,0,0,0,114,240,0,0,40,0,0,0,0,0,243,0,0,0,149,0
00028 features=974 size=63 p=1 tap=47 reset=false scheme=2 ops=3,0,3,2,0,1,3,1,1,1,3,0,0,1,0,3,1,2,0,0,0,3,0,1,0,2,3,0,2,0,1,1,2,3,0,2,0,1,1,0,1,2,0,1,2,0,3,3,0,3,1,3,1,3,2,2,2,0,3,2,1,2,2,1 ks=149,46,59,172,198,62,233,80,36,226,0,253,20,236,39,104,2,113,114,87,90,224,153,176,173,52,146,62,191,216,156,30,75,164,135,215,133,25,51,34,12,51,249,165,232,48,252,138,128,133,94,109,156,37,31,23,47,247,251,106,32,82,79,209
00029 features=978 size=64 p=1 tap=31 reset=true scheme=5 ops=3,1,3,1,0,2,2,1,3,1,0,2,3,0,0,3,1,2,0,2,2,1,1,0,0,1,0,2,1,2,3,2,2,1,0,1,0,0,2,1,1,0,2,3,0,3,3,2,1,0,3,0,3,0,1,3,1,3,1,0,3,3,0,2 ks=177,243,102,20,66,252,230,95,160,77,104,96,202,100,49,90,54,103,9,191,182,5,36,35,253,119,254,172,24,58,43,46,123,234,6,222,177,144,128,21,230,108,65,246,231,96,129,240,107,3,122,252,80,194,140,166,179,31,171,157,209,29,111,76
00030 features=859 size=42 p=5 tap=48 reset=false scheme=0 ops=0,3,3,1,2,2,1,3,1,2,2,0,3,3,1,1,0,0,1,2,3,1,0,2,2,0,0,3,3,0,0,2,2,1,2,2,1,2,0,1,0,1,2,0,0,0,1,0,3,2,1,0,0,3,3,1,1,3,1,1,0,0,0,3 ks=30,0,145,0,6,98,218,17,0,121,0,98,196,82,12,152,120,0,0,236,35,0,227,248,77,19,0,0,10,0,227,0,78,19,0,69,47,0,189,252,0,0,0,0,122,0,131,0,38,221,246,222,194,0,197,189,43,0,235,26,139,109,26,0
00031 features=548 size=19 p=1 tap=38 reset=false scheme=5 ops=1,1,1,1,1,3,0,2,0,2,3,3,1,3,1,1,0,3,1,0,3,1,3,3,1,1,1,1,2,3,2,0,3,2,1,0,1,1,2,3,3,1,0,0,2,1,3,3,1,1,1,3,2,3,1,2,3,2,3,2,1,3,3,1 ks=0,0,0,62,0,0,0,0,0,0,0,66,0,0,0,0,0,0,0,152,0,0,0,0,0,0,180,0,0,0,0,82,0,208,0,220,30,65,0,0,0,173,60,0,0,218,249,0,0,0,0,0,75,250,54,94,0,145,0,0,0,0,170,0
00032 features=735 size=21 p=10 tap=39 reset=true scheme=5 ops=0,1,0,1,1,3,2,2,3,2,3,2,1,2,1,3,3,3,1,1,3,1,3,2,1,3,1,2,2,2,1,2,3,3,1,1,1,0,1,3,3,0,1,2,3,1,0,3,0,3,2,2,0,0,1,2,0,1,0,2,1,2,0,0 ks=0,0,0,0,0,227,20,0,0,0,0,152,0,0,213,0,0,45,0,0,0,220,206,0,45,154,0,0,118,36,121,0,0,228,0,0,0,0,0,0,0,65,0,0,0,0,0,0,0,58,0,0,136,178,0,73,229,0,0,0,0,0,109,208
00033 features=1015 size=64 p=2 tap=37 reset=true scheme=2 ops=2,3,2,1,1,0,0,2,2,2,1,0,1,2,1,1,1,3,0,0,1,1,1,2,2,0,3,1,0,2,2,0,0,2,1,3,3,3,0,1,1,0,3,1,2,3,2,3,1,1,3,1,1,2,1,3,1,0,3,3,1,0,0,1 ks=217,39,156,231,33,210,99,112,68,183,205,89,64,50,121,103,211,89,5,16,52,161,124,145,32,90,124,253,127,68,74,139,242,100,12,245,206,161,48,68,53,255,194,250,87,31,226,196,121,131,219,203,146,113,122,92,84,63,145,172,73,220,184,33
00034 features=783 size=24 p=1 tap=11 reset=true scheme=3 ops=1,2,3,2,2,1,1,1,3,0,3,0,0,2,3,2,0,0,3,2,2,2,3,1,3,1,2,0,1,0,2,1,2,0,1,2,0,1,1,1,3,1,2,1,3,1,2,1,0,1,0,2,3,3,1,1,2,3,2,0,2,2,2,3 ks=0,0,141,0,221,0,100,43,0,0,0,254,222,55,222,0,0,0,0,156,0,0,0,133,0,0,27,159,0,0,122,19,51,66,72,0,0,0,0,105,0,0,0,0,0,25,0,0,88,0,0,0,0,48,0,0,0,226,0,0,0,0,129,10
00035 features=879 size=23 p=5 tap=20 reset=true scheme=5 ops=1,2,1,0,3,0,0,1,2,3,1,3,3,3,2,0,2,1,2,2,3,3,2,0,2,2,1,0,2,0,3,3,3,2,2,3,3,0,1,3,1,3,2,0,1,1,0,0,0,0,0,1,1,3,2,3,3,0,0,2,1,0,2,3 ks=0,0,0,0,0,0,243,0,172,0,0,0,0,0,0,164,35,0,0,252,129,225,0,0,0,0,64,0,0,80,0,0,116,151,0,0,78,216,85,31,201,0,0,0,154,97,151,81,0,0,0,0,173,0,0,227,0,0,174,0,0,0,0,0
00036 features=998 size=64 p=5 tap=7 reset=false scheme=4 ops=2,3,1,0,2,2,3,3,0,1,1,0,2,0,2,1,2,1,1,1,1,3,2,1,2,0,1,0,1,3,1,0,0,2,3,2,3,1,2,0,1,2,0,2,2,0,0,1,0,3,0,1,0,0,3,0,1,1,3,2,3,2,3,2 ks=185,159,63,217,144,135,231,39,41,40,203,125,179,58,198,14,140,211,154,103,141,234,122,103,46,7,174,172,205,124,180,204,182,100,141,195,73,185,242,173,115,18,191,249,236,151,155,207,236,74,7,138,223,217,253,80,208,144,83,196,164,89,115,73
00037 features=876 size=41 p=5 tap=16 reset=false scheme=4 ops=0,1,1,0,0,1,2,3,0,1,1,2,0,3,0,3,0,3,0,2,1,3,2,3,3,1,0,1,0,1,1,0,0,2,2,1,2,2,1,1,2,1,0,2,2,2,1,2,3,2,3,2,2,1,3,2,3,1,2,1,1,0,3,1 ks=153,20,247,44,168,160,83,213,98,205,214,101,0,5,0,0,0,193,205,147,193,0,139,0,246,252,0,0,0,237,0,0,0,0,0,0,0,233,180,204,48,165,243,0,0,93,253,244,128,254,140,0,133,198,126,235,80,0,216,0,54,0,0,159
00038 features=980 size=64 p=1 tap=59 reset=false scheme=0 ops=2,2,0,3,2,2,0,0,1,1,1,3,3,0,2,2,0,0,2,1,0,0,0,1,0,0,0,3,2,0,0,2,2,2,0,0,0,3,0,3,3,2,3,2,0,0,0,3,3,2,3,2,3,3,2,0,2,2,3,3,2,0,1,3 ks=105,156,251,134,9,23,230,102,248,34,178,244,120,88,13,120,54,249,87,223,113,144,6,99,116,212,194,120,229,92,119,15,70,187,72,126,243,45,56,218,88,138,102,40,160,105,78,33,237,249,47,210,161,198,241,17,204,153,45,221,68,8,229,207
00039 features=824 size=27 p=1 tap=57 reset=true scheme=3 ops=0,2,2,0,0,0,1,0,0,1,2,0,2,2,3,1,2,3,0,1,3,0,2,1,3,3,3,3,1,2,1,2,0,3,0,1,2,3,0,1,3,3,3,1,2,0,2,1,3,0,1,2,0,3,0,0,1,2,1,3,1,0,2,0 ks=44,44,0,0,0,0,0,134,0,0,61,95,79,228,221,0,133,207,0,65,0,0,0,0,0,26,75,0,0,54,79,0,0,0,154,125,0,0,0,0,0,81,0,0,0,0,131,0,211,109,182,78,0,28,44,0,193,0,0,0,0,0,0,74
00040 features=936 size=64 p=10 tap=53 reset=true scheme=3 ops=3,0,2,1,1,1,1,3,2,0,0,0,3,3,2,0,3,1,1,2,1,2,2,2,3,2,0,1,2,0,2,1,3,3,1,1,3,1,1,1,0,0,3,3,0,0,3,3,1,0,0,0,3,2,0,0,3,0,0,2,3,2,0,2 ks=242,89,151,213,87,152,48,203,212,182,220,78,77,47,125,151,64,167,128,216,130,60,39,75,171,28,201,121,141,166,236,108,93,71,151,158,2,142,220,61,28,6,97,28,180,241,242,165,170,194,240,69,52,99,235,214,214,86,217,246,154,63,219,215
00041 features=710 size=16 p=1 tap=29 reset=false scheme=2 ops=0,1,2,1,2,0,1,2,0,0,1,3,0,2,3,1,0,3,0,0,3,3,3,1,2,2,1,2,3,3,1,3,1,2,0,2,1,1,0,0,3,2,2,1,0,3,2,2,1,3,0,0,1,0,3,1,3,0,1,3,0,1,1,1 ks=100,111,0,0,126,0,0,0,0,0,0,0,0,0,90,0,0,0,105,0,0,0,0,0,0,0,0,0,0,219,0,178,0,0,0,170,0,0,103,0,95,0,0,34,0,0,0,149,0,0,0,18,116,0,0,0,183,0,129,0,0,0,0,0
00042 features=755 size=39 p=1 tap=50 reset=false scheme=3 ops=2,1,3,0,1,3,0,1,1,3,2,0,3,1,3,1,1,3,1,2,0,1,1,3,3,3,1,0,3,2,1,0,2,3,3,1,2,2,1,0,2,1,2,3,3,3,0,0,1,3,2,2,1,0,0,3,0,1,2,0,0,2,3,0 ks=240,0,0,117,123,229,0,150,0,169,0,152,145,154,233,0,149,0,190,163,0,205,0,0,0,106,64,0,0,195,76,0,4,60,66,198,203,0,33,0,69,0,25,0,0,251,115,0,148,236,237,75,77,167,121,0,0,209,202,104,0,24,0,0
00043 features=796 size=16 p=2 tap=36 reset=true scheme=1 ops=1,3,1,3,1,0,1,1,0,3,1,0,1,3,1,2,3,0,2,1,0,0,0,1,0,0,3,1,3,2,3,1,2,0,3,3,0,3,2,0,3,3,1,1,0,3,0,1,2,0,1,0,0,3,2,2,2,1,2,1,1,2,2,2 ks=0,160,0,0,72,0,79,0,0,0,0,0,0,0,0,0,0,0,0,0,0,0,223,0,0,0,0,0,19,0,134,0,0,0,0,0,0,0,0,71,0,0,26,128,0,0,0,0,149,186,151,0,0,0,0,0,0,222,0,85,160,0,54,0
00044 features=866 size=22 p=1 tap=47 reset=true scheme=3 ops=2,0,0,2,3,0,3,0,0,1,2,0,2,0,0,0,3,2,2,0,3,1,1,3,0,1,0,3,1,3,1,2,0,2,2,3,0,1,0,0,2,3,1,0,1,2,0,3,1,2,2,0,0,3,0,1,0,3,3,3,0,0,2,0 ks=88,160,0,0,0,104,0,215,0,0,0,0,120,0,0,66,0,0,0,21,0,44,0,220,0,210,5,0,0,0,245,0,0,0,237,0,227,0,0,0,0,0,184,0,0,0,4,0,0,37,0,0,0,0,138,227,0,0,2,217,173,0,0,0
00045 features=663 size=15 p=1 tap=30 reset=false scheme=5 ops=1,0,0,0,0,2,3,2,0,3,3,0,1,1,2,2,0,3,1,2,2,3,2,0,1,2,3,2,3,0,2,3,0,3,1,3,1,1,1,3,1,2,1,0,3,0,1,0,2,3,2,1,2,3,2,1,0,1,0,3,3,2,0,0 ks=0,0,0,92,0,0,0,0,0,77,0,0,101,0,0,0,0,0,20,0,0,0,173,0,222,0,0,10,0,0,0,0,0,0,130,0,0,0,0,0,180,0,0,0,0,13,0,0,0,234,0,0,195,114,240,0,0,0,0,69,0,0,0,0
00046 features=857 size=39 p=1 tap=6 reset=true scheme=5 ops=3,1,1,0,1,3,3,0,1,0,3,3,3,1,1,3,3,1,3,1,3,3,1,3,2,2,0,2,1,0,1,0,1,1,0,3,2,1,0,3,3,2,0,1,2,0,2,0,1,1,3,3,1,1,3,0,1,2,0,3,1,2,3,1 ks=251,38,194,184,63,0,177,52,195,0,0,0,166,0,172,41,23,0,0,56,109,0,0,0,22,176,2,103,34,206,0,96,54,0,0,105,24,85,243,0,0,60,0,104,0,0,163,3,153,0,0,0,90,166,0,223,0,68,192,157,121,127,0,0
00047 features=772 size=33 p=2 tap=55 reset=false scheme=4 ops=2,0,1,2,1,3,1,2,1,0,2,3,2,3,0,1,1,1,1,2,3,0,2,3,0,1,3,2,2,3,3,3,0,3,2,0,1,2,1,2,2,0,3,3,0,2,2,3,1,3,2,2,0,3,3,2,1,1,3,2,1,1,3,3 ks=57,0,185,185,30,0,0,9,221,147,204,0,0,99,52,206,71,0,106,145,0,0,112,0,0,0,47,16,79,0,187,0,0,0,0,0,159,0,106,0,0,0,88,0,103,98,0,0,0,0,199,51,29,69,172,203,201,0,0,39,0,0,79,0
00048 features=990 size=64 p=5 tap=43 reset=true scheme=3 ops=1,2,2,2,2,1,3,2,1,2,0,1,2,3,0,0,1,3,1,2,3,0,2,3,3,1,2,3,3,1,0,2,0,1,1,2,3,3,3,3,3,0,2,3,1,0,1,3,3,0,2,3,1,0,2,0,3,1,0,3,1,2,2,3 ks=115,122,181,224,64,35,205,212,32,20,222,132,159,11,53,68,63,66,154,243,41,150,79,67,208,107,143,156,43,224,91,116,138,158,180,241,61,84,163,200,77,26,79,2,96,43,208,111,155,206,222,218,165,206,73,137,151,250,156,126,40,253,199,253
00049 features=802 size=15 p=10 tap=9 reset=true scheme=2 ops=0,2,3,1,0,1,2,0,3,1,0,1,2,1,2,1,0,2,2,1,0,1,3,1,3,0,0,0,2,3,0,2,2,1,2,1,2,0,2,0,0,2,0,2,0,2,3,0,3,2,3,2,3,3,3,3,2,1,3,3,2,0,2,3 ks=0,0,0,0,0,0,0,0,0,0,217,0,0,0,0,0,0,0,68,0,187,0,0,0,0,89,0,0,0,0,153,239,0,0,0,0,0,0,49,83,0,0,0,0,165,0,0,133,149,0,167,229,242,0,0,0,0,0,0,0,0,0,143,0
00050 features=932 size=63 p=10 tap=2 reset=true scheme=3 ops=3,1,3,0,2,0,1,2,1,2,2,1,0,1,0,2,0,2,2,3,0,2,1,2,3,0,3,1,0,0,1,0,2,0,1,1,1,0,3,1,0,1,0,3,1,2,0,2,1,3,1,0,1,0,1,1,2,3,0,3,2,2,3,0 ks=193,250,251,231,141,56,204,217,58,94,11,89,216,171,219,83,119,129,53,25,212,63,140,50,160,61,0,149,43,123,184,61,137,133,49,11,29,36,48,169,199,126,251,97,22,83,27,237,178,50,105,16,80,157,241,71,14,190,221,193,151,214,214,205
00051 features=987 size=64 p=10 tap=58 reset=true scheme=5 ops=2,3,3,2,3,0,3,3,0,2,1,2,3,3,0,3,0,0,0,0,0,1,3,0,0,0,1,1,0,3,2,1,2,0,0,0,0,2,2,3,2,0,2,1,0,0,3,0,1,1,3,1,3,3,3,1,1,3,3,2,0,3,3,1 ks=211,134,55,56,55,4,103,92,242,135,145,194,106,73,230,26,134,169,67,54,80,88,218,106,238,63,175,188,32,185,35,54,162,238,143,25,226,51,156,234,139,175,158,16,163,23,251,254,244,42,43,113,250,235,196,202,45,163,35,34,171,230,136,147
00052 features=813 size=42 p=5 tap=48 reset=false scheme=3 ops=0,3,2,3,3,0,1,0,2,2,1,2,2,1,3,3,1,3,2,2,3,0,2,1,2,3,3,2,2,1,1,3,1,3,0,3,1,3,3,0,3,3,3,0,0,3,0,3,1,1,3,3,1,2,2,3,1,3,3,0,1,2,3,3 ks=188,0,17,0,211,97,0,98,0,206,0,82,0,102,224,153,147,25,72,0,0,101,32,4,0,248,0,155,85,29,70,101,100,209,23,81,111,127,0,190,16,0,126,8,0,0,255,230,0,208,0,0,63,221,0,151,0,0,0,174,241,72,1,0
00053 features=845 size=18 p=10 tap=38 reset=true scheme=0 ops=2,0,0,3,3,0,3,0,0,3,3,3,3,3,3,3,2,2,3,2,1,0,3,3,3,2,3,3,3,0,2,2,3,2,0,0,1,2,2,1,2,2,2,3,3,3,0,1,1,1,1,2,3,1,2,1,0,0,0,3,1,3,3,3 ks=0,0,137,0,0,0,0,0,0,0,0,0,0,0,0,0,71,70,0,0,173,0,9,120,72,0,0,0,0,196,0,0,0,0,21,194,0,0,201,91,0,0,0,0,0,0,0,219,0,0,0,0,0,191,144,0,0,0,132,0,195,0,0,55
00054 features=744 size=17 p=1 tap=43 reset=true scheme=1 ops=2,0,3,0,3,1,3,1,2,3,0,1,3,1,1,2,3,0,1,0,2,2,3,3,0,3,3,0,1,2,2,0,3,1,0,1,3,3,3,3,2,3,1,2,3,1,3,2,2,1,0,1,3,1,0,3,2,0,0,2,2,1,1,2 ks=6,152,0,0,0,193,0,0,0,0,81,0,0,0,0,0,0,0,157,0,113,0,0,0,0,0,25,0,0,0,155,0,0,224,0,0,30,0,0,0,0,0,0,0,0,0,207,82,0,0,181,0,0,0,0,133,153,0,0,0,87,0,206,0
00055 features=560 size=17 p=5 tap=25 reset=false scheme=4 ops=3,3,2,0,1,0,1,1,1,1,0,2,2,1,1,0,1,3,0,0,1,2,3,0,2,0,2,1,3,3,2,2,3,1,3,2,1,0,3,3,2,1,2,3,3,3,3,1,1,1,0,3,1,0,2,3,0,2,3,1,0,3,0,1 ks=0,35,88,0,0,0,53,0,0,89,0,0,101,102,0,3,242,249,0,0,0,0,0,0,0,0,0,0,0,0,96,0,0,0,0,0,180,0,0,0,35,0,18,0,0,0,0,46,0,0,0,0,0,0,0,0,5,0,251,0,107,0,0,0
00056 features=774 size=39 p=5 tap=51 reset=false scheme=2 ops=2,3,1,1,3,1,0,0,1,2,3,3,1,2,3,2,2,1,0,0,1,2,1,2,0,0,1,1,2,1,2,1,3,1,3,3,0,2,3,1,3,1,2,2,0,2,1,2,3,1,3,3,1,2,0,1,3,1,3,3,0,0,1,0 ks=0,211,0,106,0,243,163,114,140,71,6,0,66,0,122,228,235,0,0,47,123,194,194,136,0,142,0,186,228,0,104,0,0,62,0,0,44,163,0,139,199,0,0,0,112,0,0,183,0,131,0,157,28,0,247,126,200,156,238,0,221,114,45,0
00057 features=1011 size=64 p=5 tap=26 reset=true scheme=5 ops=3,0,3,0,2,2,2,2,0,3,1,0,0,0,1,1,1,0,0,3,1,3,3,0,3,2,3,2,3,2,2,1,1,2,0,1,1,3,3,3,3,1,1,3,2,1,1,2,3,2,0,2,2,3,1,3,0,1,3,0,3,1,3,1 ks=184,105,193,190,127,82,130,239,93,255,89,200,243,165,142,88,54,141,40,90,170,103,35,85,192,230,97,185,25,154,29,139,126,231,48,209,243,83,58,238,9,184,107,27,116,238,115,153,128,41,67,68,131,77,48,228,52,51,74,90,188,227,198,253
00058 features=860 size=20 p=5 tap=12 reset=true scheme=4 ops=3,0,3,2,2,2,2,1,1,0,2,3,3,3,3,1,0,3,0,1,2,0,0,3,3,3,1,2,0,2,3,2,0,2,3,1,0,0,0,0,2,2,0,2,0,1,2,1,0,1,1,3,1,1,1,2,2,2,1,1,2,1,1,3 ks=0,0,0,83,0,0,0,56,0,74,0,0,9,93,184,0,0,0,0,253,0,137,0,0,0,0,220,55,0,0,0,102,0,49,0,0,0,99,0,43,0,0,3,0,0,0,0,0,0,222,16,0,215,0,242,0,0,0,0,0,250,0,0,0
00059 features=827 size=16 p=1 tap=49 reset=true scheme=2 ops=0,1,3,0,2,1,1,1,0,3,1,2,1,2,3,0,3,2,3,3,2,3,0,3,2,3,3,1,3,0,0,0,0,2,3,0,1,2,0,1,2,2,0,3,1,0,3,3,3,1,1,2,2,1,0,3,3,2,3,3,3,3,0,2 ks=0,0,123,0,0,0,0,111,0,0,162,0,0,0,0,81,0,11,134,0,0,0,0,124,0,0,0,0,0,0,0,27,153,0,212,0,198,0,0,0,186,0,0,0,0,0,0,202,0,0,0,171,0,0,0,0,0,0,50,0,0,0,63,0
00060 features=880 size=41 p=5 tap=8 reset=true scheme=3 ops=2,3,3,3,2,2,3,3,2,2,2,3,2,2,1,0,0,0,2,2,2,2,1,0,3,1,1,3,3,1,3,2,1,1,1,2,2,0,1,0,0,3,1,2,0,3,3,3,2,1,1,3,2,0,3,1,0,0,3,1,3,3,2,2 ks=0,0,73,0,160,0,0,251,0,0,134,170,59,206,0,227,0,118,13,0,0,164,250,168,87,0,0,242,0,214,211,254,0,253,250,7,112,159,0,35,0,0,155,4,175,109,18,104,43,0,0,154,70,0,199,62,179,219,0,0,181,100,137,66
00061 features=939 size=35 p=5 tap=4 reset=true scheme=1 ops=3,0,3,3,2,1,3,1,0,2,1,1,0,2,3,3,3,0,1,0,1,3,3,0,1,2,0,1,0,0,0,3,1,0,2,3,1,1,1,0,1,3,0,2,3,1,3,0,1,2,3,1,2,3,2,1,2,3,3,3,3,1,3,1 ks=62,0,0,0,0,244,60,103,157,0,225,0,0,75,160,0,0,0,84,94,36,0,0,0,218,157,0,0,137,123,0,0,108,0,236,220,160,0,14,84,151,240,39,0,148,114,0,0,201,0,182,44,53,0,212,1,0,0,0,165,0,2,0,197
00062 features=635 size=19 p=1 tap=29 reset=false scheme=4 ops=3,1,3,2,0,3,2,2,0,3,2,0,0,2,1,0,1,2,3,2,0,0,1,1,3,0,1,1,1,3,2,2,3,0,2,1,3,1,2,0,1,0,2,3,3,1,2,0,1,3,3,2,1,2,3,1,3,2,3,2,0,0,2,2 ks=230,0,0,0,0,13,44,2,0,0,0,0,84,200,25,0,0,52,0,94,0,46,156,0,0,0,0,0,0,0,0,0,0,0,0,0,249,227,0,242,0,0,13,0,133,0,0,0,0,230,0,0,59,0,0,219,0,0,0,0,0,0,0,0
00063 features=851 size=24 p=1 tap=30 reset=true scheme=0 ops=1,2,0,2,2,0,1,2,2,3,0,3,2,3,3,2,0,3,0,3,2,1,2,1,1,2,0,2,3,0,2,2,0,2,0,0,3,3,3,3,2,2,3,3,0,0,2,1,2,1,0,0,2,2,1,1,2,2,1,0,1,2,1,0 ks=0,0,10,221,0,0,249,110,0,132,0,0,0,0,0,20,0,0,3,209,0,159,183,241,0,5,0,0,0,0,0,0,153,0,0,227,80,223,0,0,0,143,0,0,125,47,219,16,107,0,0,0,0,0,0,0,0,0,94,0,0,0,0,81
00064 features=579 size=17 p=1 tap=27 reset=false scheme=5 ops=3,1,3,3,3,2,3,3,1,3,3,1,1,2,2,0,3,1,1,0,0,1,0,1,1,1,1,3,1,1,3,3,1,2,1,1,0,2,1,0,3,3,1,3,0,3,2,1,2,2,2,3,3,0,2,2,2,1,1,0,1,0,3,1 ks=0,180,0,0,0,0,240,148,0,0,0,0,0,0,0,0,0,72,0,0,0,0,0,0,0,0,113,85,43,0,0,0,0,230,0,0,49,0,186,0,0,0,49,0,148,0,180,0,0,135,0,0,0,0,0,0,225,0,0,0,0,128,212,0
00065 features=848 size=17 p=1 tap=33 reset=true scheme=1 ops=3,3,2,2,0,1,0,0,2,2,3,2,0,1,0,3,1,3,1,0,1,1,3,0,2,0,3,1,3,0,2,2,3,1,0,3,1,2,1,3,3,0,2,1,0,0,2,3,3,1,3,0,2,2,2,3,1,2,1,3,1,1,1,3 ks=0,0,0,0,87,29,77,0,205,32,0,3,0,162,0,40,0,0,0,0,0,33,0,69,0,0,0,0,0,0,0,199,0,0,0,230,33,0,0,0,84,0,0,0,0,0,0,0,0,206,0,0,0,0,0,0,0,0,65,0,0,0,184,0
00066 features=1001 size=64 p=1 tap=21 reset=false scheme=0 ops=0,1,1,0,2,3,2,3,3,1,3,0,3,3,0,2,2,3,3,1,3,3,2,3,1,1,0,2,3,3,0,2,0,3,1,3,3,3,3,2,3,1,0,1,2,1,1,3,0,3,0,3,0,0,3,2,2,2,0,0,2,0,3,0 ks=23,123,163,212,52,60,53,115,207,247,108,170,58,235,127,4,12,109,93,25,245,4,55,93,68,23,176,65,188,152,3,79,50,44,247,85,76,253,125,29,17,95,177,20,146,156,75,79,104,166,151,19,102,25,253,237,240,10,98,174,221,185,187,111
00067 features=972 size=43 p=5 tap=8 reset=true scheme=0 ops=1,1,2,3,0,1,3,3,1,1,0,0,1,0,0,3,0,1,0,1,3,2,3,0,2,1,0,0,0,3,0,3,2,2,1,2,0,1,2,0,1,3,1,0,3,0,1,2,3,3,2,2,0,1,0,1,1,2,2,0,0,1,2,2 ks=0,0,166,138,0,82,44,0,204,100,0,144,201,214,0,218,0,215,139,0,191,127,115,0,0,2,100,97,0,0,149,0,39,0,217,0,55,157,0,0,107,104,27,26,0,11,115,140,184,169,0,53,126,17,136,232,234,240,30,0,162,65,118,0
00068 features=903 size=41 p=1 tap=19 reset=true scheme=3 ops=3,2,0,0,2,1,0,0,1,1,3,3,3,0,3,3,1,2,2,3,3,0,3,3,2,3,3,0,0,3,2,3,0,0,1,2,3,1,3,1,2,1,3,1,3,0,3,0,2,0,0,2,0,3,2,1,3,0,0,3,0,1,3,2 ks=0,0,0,227,18,175,242,250,112,212,112,193,39,120,0,205,0,0,122,119,0,0,60,0,181,143,156,117,0,17,0,0,0,0,179,22,165,135,48,24,204,0,233,0,32,0,163,0,0,0,137,118,170,0,117,223,16,9,41,190,82,0,0,160
00069 features=1035 size=64 p=5 tap=26 reset=true scheme=5 ops=0,2,3,3,0,2,1,3,2,1,2,0,1,3,2,0,3,1,1,0,0,0,3,0,2,3,3,3,2,1,3,0,0,2,3,0,2,2,0,3,1,3,0,1,0,1,3,3,1,1,3,2,2,0,3,3,1,2,2,0,0,3,3,0 ks=166,144,226,228,104,26,154,228,217,9,100,149,122,34,128,114,66,53,224,148,182,226,199,79,104,89,1,44,32,38,97,67,100,111,66,152,154,223,199,255,47,92,209,233,69,221,208,43,82,214,193,53,152,114,250,148,139,118,4,15,46,174,181,59
00070 features=677 size=25 p=2 tap=31 reset=false scheme=1 ops=0,3,3,1,1,0,1,3,2,2,2,1,2,3,3,2,3,3,3,0,1,0,0,3,0,0,1,2,0,3,1,3,0,1,3,1,0,0,1,2,1,1,2,1,1,1,1,0,0,3,1,3,3,0,1,3,3,2,1,2,0,1,3,3 ks=0,0,189,52,70,0,213,0,170,0,0,0,230,0,33,155,0,0,0,0,0,14,223,0,67,0,185,0,0,0,0,246,0,0,0,36,0,0,242,0,0,100,169,26,0,0,159,0,91,0,0,134,0,12,229,0,0,0,0,120,14,0,0,0
00071 features=890 size=45 p=2 tap=16 reset=true scheme=3 ops=3,2,0,1,2,0,2,3,1,1,0,3,3,0,0,0,3,0,1,2,0,0,1,2,1,1,1,3,0,1,3,0,2,2,3,2,2,3,2,2,1,2,3,2,0,0,2,3,3,3,0,2,2,3,0,3,1,3,0,2,0,1,3,3 ks=184,0,98,0,0,43,203,0,16,0,0,0,152,11,39,168,176,91,199,48,146,0,46,177,90,147,0,241,65,0,109,251,170,240,0,131,52,104,0,163,242,0,93,114,0,112,55,24,0,0,23,147,68,199,0,125,0,0,65,204,118,146,74,137
00072 features=961 size=63 p=5 tap=37 reset=true scheme=3 ops=3,0,1,1,1,1,2,0,2,1,3,1,2,1,1,0,2,3,3,0,0,3,2,1,2,3,1,1,1,2,2,2,0,3,1,1,1,3,3,2,2,0,1,3,0,2,0,1,3,3,3,2,0,2,1,0,3,2,1,2,3,2,3,0 ks=22,140,88,69,14,142,100,196,19,94,252,151,178,40,177,27,192,194,40,163,86,140,235,202,230,183,161,109,50,212,174,188,248,56,182,173,249,196,125,233,222,235,150,118,189,170,106,0,111,75,184,109,159,95,12,94,20,94,185,107,202,52,11,106
00073 features=779 size=31 p=10 tap=44 reset=true scheme=3 ops=3,1,3,0,0,1,1,3,0,2,0,3,1,2,1,1,0,1,2,2,0,0,3,3,1,1,3,3,3,1,2,1,3,2,3,2,2,2,0,0,0,0,1,1,1,3,2,1,1,3,3,2,1,2,0,1,2,2,1,2,1,2,3,0 ks=21,62,181,0,0,234,0,85,91,166,0,86,2,253,162,84,0,0,0,0,0,164,229,219,0,31,207,0,41,0,138,0,22,0,0,0,74,0,84,0,0,0,148,188,0,0,0,0,0,0,0,0,0,99,18,0,227,147,0,224,0,0,216,109
00074 features=768 size=38 p=2 tap=27 reset=false scheme=2 ops=1,2,2,0,1,1,0,2,2,2,1,2,2,0,1,1,0,1,2,0,1,1,0,0,0,0,3,3,2,2,3,3,0,3,2,3,3,0,1,0,3,2,1,0,3,1,2,1,3,1,0,3,2,2,0,3,1,1,0,3,2,1,1,0 ks=95,138,44,0,0,66,63,0,0,195,0,148,0,8,146,0,0,37,0,221,0,0,191,240,0,171,71,0,189,0,0,232,77,99,33,0,0,33,119,0,0,234,27,0,23,0,37,0,46,0,212,15,99,0,0,159,232,0,154,214,69,27,146,14
00075 features=782 size=19 p=2 tap=19 reset=true scheme=4 ops=2,0,1,0,0,0,1,3,2,3,1,1,3,0,3,2,3,2,3,0,3,3,0,3,1,0,1,2,3,1,3,0,3,3,1,3,2,3,0,1,0,3,1,1,0,0,3,2,1,0,3,2,0,0,1,1,2,2,2,1,0,3,2,0 ks=0,0,0,164,0,0,187,0,0,0,0,0,0,0,0,0,84,153,0,0,0,0,205,0,228,64,0,255,143,182,0,0,189,0,231,168,0,0,89,0,110,0,0,0,0,0,63,0,0,0,0,0,0,39,0,0,0,58,0,0,186,0,0,0
00076 features=778 size=24 p=10 tap=23 reset=true scheme=3 ops=1,3,0,3,2,1,3,1,3,3,3,3,2,0,3,3,1,1,2,3,0,2,3,1,1,2,0,2,2,3,3,1,0,1,2,1,0,3,2,2,1,3,1,1,2,2,1,2,1,2,0,0,2,0,0,3,2,0,3,3,3,3,1,1 ks=0,0,0,37,0,0,0,169,7,0,0,230,0,0,0,35,0,0,199,225,0,0,1,0,0,0,195,0,0,0,0,0,0,194,0,0,206,231,108,0,0,208,0,0,0,0,234,0,8,0,0,204,31,188,0,0,227,239,0,243,0,0,95,164
00077 features=641 size=19 p=5 tap=42 reset=false scheme=1 ops=0,1,2,3,3,2,3,1,0,2,2,0,3,0,2,0,0,3,2,0,2,1,1,0,1,3,2,1,3,1,2,3,3,0,2,0,1,1,1,3,3,0,2,1,3,2,2,0,1,2,1,0,2,0,1,3,1,0,2,3,2,1,1,0 ks=0,0,0,0,0,187,70,35,100,197,134,48,100,0,0,0,0,0,0,62,0,0,34,189,0,0,0,0,0,0,0,0,0,0,27,0,0,0,0,0,0,0,117,12,0,175,101,44,0,0,0,0,0,0,37,0,0,0,59,0,0,0,0,0
00078 features=778 size=19 p=1 tap=28 reset=true scheme=0 ops=1,2,3,2,3,3,2,3,0,2,2,1,1,0,2,3,2,2,2,0,2,3,1,0,2,0,0,3,2,2,3,3,3,0,3,1,3,1,2,3,0,3,2,3,2,0,1,2,1,1,2,0,2,3,3,1,2,0,2,1,3,2,1,1 ks=154,0,0,0,138,0,0,0,0,0,132,0,0,0,10,80,0,0,0,0,0,0,68,0,0,2,65,0,152,0,228,0,0,0,0,0,0,0,228,112,0,0,0,0,162,0,0,0,0,0,0,232,34,0,0,0,147,0,0,26,0,143,0,188
00079 features=975 size=64 p=1 tap=59 reset=true scheme=3 ops=3,2,0,3,1,0,3,2,0,1,2,2,2,3,2,3,0,0,2,0,3,3,2,3,3,1,3,1,0,0,0,3,0,1,2,3,0,1,1,0,2,2,3,0,0,1,0,0,2,0,0,1,3,2,0,1,0,2,3,2,1,1,2,1 ks=154,137,114,84,66,4,183,116,235,161,80,70,5,253,8,98,77,26,122,244,200,160,4,193,217,80,9,169,179,17,192,79,198,14,46,74,17,56,150,70,155,5,35,129,176,242,129,5,76,167,99,64,250,168,108,68,57,35,212,100,203,166,2,14
00080 features=853 size=43 p=5 tap=18 reset=false scheme=3 ops=3,3,1,0,1,3,0,1,3,2,2,0,1,1,3,2,1,1,3,2,2,0,0,1,0,2,3,2,3,3,3,0,0,2,3,2,2,3,1,0,3,2,1,0,2,3,0,3,0,1,1,2,2,1,0,3,0,1,2,3,3,2,1,2 ks=108,0,144,173,51,92,232,118,0,99,186,40,0,27,49,146,0,97,110,0,0,0,0,249,95,134,204,0,128,42,60,179,129,252,183,71,0,0,0,0,147,195,0,41,0,150,228,0,0,0,118,237,195,250,235,114,63,0,255,0,97,43,0,118
00081 features=826 size=38 p=2 tap=57 reset=true scheme=3 ops=0,1,1,0,1,3,1,2,0,0,3,3,3,0,3,3,0,0,1,0,1,3,3,2,1,3,0,0,0,1,0,1,3,0,1,3,0,3,1,3,1,0,1,1,0,1,1,3,1,1,2,2,0,0,0,1,1,2,1,0,1,0,2,2 ks=0,123,0,0,0,0,0,0,172,0,84,111,158,0,69,0,187,0,98,72,24,154,24,62,0,42,72,177,0,124,0,122,199,162,0,45,0,0,0,65,57,195,100,62,64,0,0,0,132,0,0,45,0,0,114,0,137,77,222,236,158,118,40,184
00082 features=707 size=26 p=5 tap=44 reset=false scheme=2 ops=2,1,3,2,1,0,1,1,3,3,3,3,0,3,0,3,2,2,3,1,2,2,3,0,3,1,3,2,3,0,0,3,0,2,2,0,0,3,3,1,0,3,2,3,0,1,1,0,2,3,3,2,2,3,2,0,0,3,0,1,0,2,2,0 ks=0,0,0,0,0,0,0,238,0,133,0,252,81,0,87,154,41,199,42,121,153,0,0,0,148,0,119,0,0,75,138,0,0,0,0,0,0,0,242,150,77,0,135,0,0,0,0,221,65,0,0,0,246,49,51,0,0,169,0,0,0,42,0,0
00083 features=703 size=24 p=10 tap=23 reset=true scheme=3 ops=3,0,3,3,1,0,1,3,0,3,3,0,3,0,2,2,1,3,2,2,1,3,3,0,2,2,3,1,1,0,1,1,1,2,3,1,1,2,0,0,0,0,3,1,3,1,0,0,3,3,0,3,3,0,2,1,0,3,1,0,1,1,2,3 ks=169,202,0,25,251,0,62,0,0,0,0,128,0,0,0,187,53,0,253,127,0,0,0,0,0,0,0,155,0,168,75,0,73,0,0,215,0,46,0,0,0,194,33,129,0,15,0,0,0,0,0,0,0,0,4,0,0,0,0,68,40,0,114,0
00084 features=972 size=64 p=10 tap=26 reset=true scheme=3 ops=2,2,2,0,1,0,2,1,0,0,3,3,3,2,3,0,2,3,2,2,1,2,1,2,0,3,3,3,3,3,0,1,3,2,3,3,0,0,0,0,3,3,3,2,0,2,3,1,0,2,0,0,0,1,3,1,2,1,3,3,2,3,1,3 ks=207,230,116,236,93,148,32,119,226,1,125,181,73,80,26,85,41,62,36,218,244,154,212,31,76,133,250,130,118,181,31,145,50,40,35,210,66,51,216,182,146,47,235,242,56,213,205,254,200,92,61,27,12,17,17,164,148,67,118,99,11,226,19,25
00085 features=924 size=22 p=1 tap=9 reset=true scheme=0 ops=0,2,1,0,0,2,1,3,0,2,2,1,0,3,3,2,1,3,3,3,1,2,1,2,3,2,3,0,3,2,3,2,3,0,2,1,0,1,1,3,1,3,3,2,0,0,2,1,2,1,1,2,2,3,2,3,2,1,0,3,2,3,2,3 ks=66,0,228,0,0,0,0,0,0,0,0,0,0,0,0,16,0,216,221,218,150,0,3,0,63,0,157,0,44,96,0,179,0,28,0,67,0,10,151,0,0,192,0,18,0,0,0,0,29,0,0,0,0,0,0,155,0,0,0,0,126,0,0,0
00086 features=897 size=41 p=1 tap=0 reset=true scheme=0 ops=3,1,0,3,3,1,3,2,3,0,2,3,1,3,2,0,0,2,0,0,1,0,3,2,0,3,2,1,2,1,3,3,0,2,3,3,0,1,0,3,1,2,0,0,1,1,1,1,2,0,1,2,2,0,0,1,0,0,1,3,2,1,2,3 ks=201,0,0,222,0,0,105,75,158,162,183,247,60,77,0,252,127,0,41,0,104,96,0,250,0,158,26,16,0,128,65,0,33,248,114,8,77,0,82,232,196,0,0,0,137,132,48,199,184,79,0,0,0,87,0,155,19,127,0,0,0,250,119,0
00087 features=1028 size=64 p=10 tap=21 reset=true scheme=2 ops=3,3,1,2,3,2,3,1,1,3,0,1,1,0,1,3,3,1,0,2,3,3,2,2,3,1,3,0,2,3,3,2,0,2,1,0,0,0,1,3,3,0,0,0,2,1,1,1,2,2,1,3,0,0,2,0,0,1,3,3,0,2,3,3 ks=8,171,117,27,254,69,203,89,18,149,157,113,35,114,32,77,245,42,248,240,223,173,195,255,168,240,217,188,121,160,6,23,4,177,104,2,200,218,222,215,14,41,120,154,122,56,48,255,100,176,105,156,236,87,230,94,214,85,237,139,180,240,154,51
00088 features=781 size=24 p=1 tap=26 reset=true scheme=1 ops=2,1,1,1,0,3,3,0,2,2,0,2,1,1,1,2,3,2,1,2,2,0,3,3,3,3,3,2,1,3,0,3,3,1,1,2,3,3,0,1,0,3,1,2,1,1,2,3,1,3,0,2,0,2,3,1,0,2,1,1,3,3,1,2 ks=2,0,244,0,0,0,0,4,0,0,103,87,0,9,237,107,52,95,0,0,93,0,0,0,114,237,192,0,126,0,0,0,0,0,0,0,0,0,226,0,14,0,227,0,32,0,0,211,0,0,0,0,201,0,137,0,0,177,0,0,0,0,0,145
00089 features=814 size=43 p=5 tap=26 reset=false scheme=5 ops=1,0,0,2,3,3,0,1,1,3,1,1,3,2,2,2,0,1,3,0,1,2,1,3,3,0,3,3,2,1,1,1,1,3,1,1,2,0,1,0,3,1,1,3,3,0,1,1,2,3,3,2,3,3,1,0,1,3,2,3,3,1,2,2 ks=0,95,186,240,137,0,0,0,231,0,87,71,102,70,39,20,103,172,140,40,96,0,0,37,176,178,255,210,0,32,39,232,176,175,223,0,0,0,55,0,0,0,196,246,0,182,139,31,0,0,117,149,49,242,0,179,231,41,190,60,251,0,0,0
00090 features=788 size=38 p=10 tap=61 reset=true scheme=3 ops=3,1,0,2,2,2,3,1,2,2,0,3,0,1,1,2,0,0,3,1,0,1,0,3,3,0,0,3,3,1,1,2,3,2,1,1,1,1,0,3,3,1,0,3,3,1,1,2,2,1,1,2,0,2,2,1,0,3,1,2,3,3,3,0 ks=0,51,0,0,157,87,100,0,0,0,255,0,173,135,185,0,228,0,0,31,158,0,128,186,71,0,202,85,191,157,151,158,0,0,0,38,245,0,0,62,4,121,0,244,180,0,0,74,0,221,3,161,0,163,21,0,203,0,0,0,208,234,10,77
00091 features=706 size=20 p=1 tap=18 reset=true scheme=3 ops=0,1,0,2,0,1,1,3,3,0,2,1,2,2,2,2,3,0,0,3,1,1,1,1,3,0,3,0,2,2,3,3,0,2,3,1,0,3,2,3,3,1,3,2,0,2,3,0,3,1,1,1,2,1,3,1,2,2,1,1,0,3,0,0 ks=0,0,177,0,0,0,0,0,140,120,0,0,0,252,105,71,71,0,0,0,0,57,0,26,52,162,0,0,50,82,0,0,0,0,0,0,0,0,0,0,0,0,0,0,0,0,0,168,67,0,0,0,0,0,240,0,222,0,0,6,0,96,1,0
00092 features=867 size=47 p=5 tap=31 reset=true scheme=3 ops=0,0,0,1,2,2,2,1,0,1,1,1,0,1,1,2,1,2,1,1,2,0,1,2,3,2,2,2,3,0,1,3,3,3,3,1,3,2,0,2,3,1,3,2,0,3,2,3,0,2,2,0,2,2,1,1,3,2,0,0,0,0,3,3 ks=237,201,255,58,0,55,152,223,84,172,0,0,30,185,0,114,0,0,66,197,158,130,149,0,48,58,0,70,0,78,79,204,211,145,66,143,166,0,4,27,29,105,142,0,0,222,81,228,199,0,245,214,24,152,0,0,22,135,226,0,6,0,250,24
00093 features=816 size=22 p=10 tap=6 reset=false scheme=0 ops=3,2,1,2,3,0,3,1,0,0,3,2,3,3,0,0,3,0,3,1,3,0,2,2,0,2,2,3,1,3,2,2,1,1,3,3,0,1,0,0,3,3,1,1,1,1,2,0,2,2,1,2,2,2,3,1,1,1,0,2,1,0,0,1 ks=17,80,0,179,0,0,0,202,0,133,252,0,0,241,0,152,0,0,0,0,0,0,0,0,0,0,231,0,0,0,208,0,0,0,150,137,0,0,201,0,3,0,0,47,13,0,0,0,0,206,51,0,0,0,0,109,0,151,0,0,129,34,0,0
00094 features=785 size=21 p=1 tap=22 reset=true scheme=3 ops=1,2,3,3,3,0,2,2,3,0,3,2,3,2,1,2,1,2,3,3,1,2,3,2,1,3,2,3,1,3,2,2,0,0,0,0,3,0,0,1,1,0,3,0,1,0,3,3,0,1,1,2,3,1,0,0,3,1,1,3,0,3,1,2 ks=0,159,0,128,0,127,24,3,0,0,0,0,0,0,0,0,212,0,0,0,0,0,146,0,110,0,0,0,0,101,0,215,120,0,172,0,0,234,46,106,0,0,0,219,204,0,0,245,220,0,0,0,0,0,0,0,0,0,0,0,0,0,177,78
00095 features=992 size=64 p=5 tap=59 reset=true scheme=3 ops=0,1,3,3,0,2,1,1,3,2,2,1,2,3,3,0,3,2,1,0,3,0,3,2,1,3,3,2,0,3,2,0,2,1,3,3,0,1,3,3,3,3,2,2,3,0,1,3,0,2,1,2,0,0,1,3,2,0,3,3,1,1,3,2 ks=190,51,223,54,83,217,74,34,80,97,91,220,145,3,19,208,246,237,127,113,136,19,140,12,50,222,146,113,57,213,191,220,138,234,218,217,33,76,219,163,34,73,129,30,234,238,236,64,26,103,146,22,1,103,72,83,26,139,152,197,98,189,71,138
00096 features=693 size=18 p=5 tap=35 reset=false scheme=0 ops=1,0,2,0,2,0,0,0,3,0,3,2,3,0,2,1,2,0,3,0,3,3,0,3,2,2,1,2,2,0,0,1,0,3,1,2,3,1,1,1,1,3,1,2,1,1,0,2,1,1,3,3,0,3,0,3,1,3,0,2,1,1,3,0 ks=0,221,0,0,20,0,0,0,0,0,0,131,0,26,206,0,0,0,0,233,0,188,0,0,0,5,0,0,0,0,0,0,248,0,44,87,0,0,0,0,0,0,0,0,0,0,0,3,0,0,0,0,0,59,111,0,0,0,165,242,28,152,0,0
00097 features=878 size=19 p=5 tap=27 reset=true scheme=4 ops=3,2,3,1,0,2,3,1,0,3,1,1,3,0,1,3,2,3,0,1,2,3,0,3,3,3,2,3,2,2,1,3,1,0,2,1,2,0,2,3,3,2,1,0,3,0,0,3,2,1,0,1,1,2,2,1,3,2,1,1,1,2,1,3 ks=0,0,0,236,229,0,0,0,0,0,186,0,163,236,174,0,106,0,0,0,0,0,19,0,0,0,0,0,0,240,0,0,0,0,0,171,0,81,0,36,0,0,225,0,22,0,0,29,0,0,0,183,0,0,22,215,0,0,0,0,0,0,227,0
00098 features=862 size=38 p=1 tap=34 reset=true scheme=0 ops=2,1,3,2,3,3,1,2,0,3,0,2,3,3,2,3,3,2,3,0,1,1,0,2,0,1,3,0,1,3,0,0,0,3,3,2,2,0,0,3,2,1,0,3,0,3,3,1,1,2,2,2,0,2,3,1,1,1,1,0,2,3,2,2 ks=196,158,0,218,29,233,0,0,0,0,163,0,39,0,100,0,235,246,141,131,0,0,0,200,0,0,148,0,95,0,53,193,0,0,112,89,0,219,105,235,36,32,24,219,110,205,131,0,88,0,0,0,0,215,241,0,105,160,0,0,164,206,68,139
00099 features=822 size=37 p=10 tap=46 reset=true scheme=3 ops=0,3,3,0,1,2,0,3,0,2,0,3,3,2,3,2,2,3,1,3,2,1,3,0,3,1,2,2,3,2,1,0,1,3,0,2,1,2,3,1,3,0,1,1,1,0,3,0,2,1,2,3,2,0,0,0,3,3,1,1,3,0,0,3 ks=144,1,212,0,184,0,47,119,0,0,26,0,236,247,36,97,75,141,0,0,0,0,141,235,26,122,39,0,0,0,0,190,17,37,253,0,0,155,71,0,192,0,0,9,71,22,7,78,7,0,0,0,0,75,0,0,148,215,0,98,58,56,0,0
00100 features=941 size=46 p=10 tap=10 reset=true scheme=4 ops=3,0,2,0,3,3,3,3,3,3,3,0,1,1,2,2,3,0,0,1,3,0,2,3,1,3,1,1,3,2,2,2,1,0,1,3,0,3,0,2,0,2,3,3,1,3,2,3,0,3,2,0,3,0,1,3,1,0,2,2,0,0,2,3 ks=242,48,130,148,0,127,4,94,0,91,130,0,138,173,120,0,47,240,0,223,0,208,193,167,0,0,238,0,173,180,176,28,96,92,11,113,125,0,139,215,8,172,144,128,120,110,0,93,148,12,0,61,0,0,13,188,0,0,150,0,0,75,67,51
00101 features=796 size=23 p=1 tap=8 reset=true scheme=1 ops=2,2,2,1,1,2,2,3,2,2,2,2,0,2,0,1,1,0,1,3,0,1,3,3,0,0,3,2,3,1,0,2,2,0,3,1,2,0,1,1,1,2,1,3,0,2,1,1,1,2,1,0,1,0,2,1,1,2,2,0,2,0,1,0 ks=0,74,0,0,21,0,61,0,18,135,125,136,160,0,0,0,90,0,0,0,0,0,0,195,0,240,43,55,0,83,227,0,0,0,0,134,0,0,0,0,0,162,201,0,0,0,165,128,0,0,0,0,0,0,0,0,0,0,142,0,169,0,0,172
00102 features=840 size=23 p=10 tap=53 reset=true scheme=1 ops=3,2,2,1,1,2,0,0,0,0,2,2,3,1,0,2,1,3,2,1,3,2,2,0,3,3,3,1,1,3,2,3,1,2,1,2,1,3,1,0,3,1,3,3,0,0,2,3,1,2,3,2,3,0,3,0,2,3,0,2,2,0,3,1 ks=0,0,239,0,45,0,49,0,170,0,0,155,0,49,0,194,0,88,0,0,0,205,0,0,0,0,0,92,252,0,0,177,0,0,0,0,0,0,0,0,0,0,0,0,18,134,132,0,0,200,0,140,0,0,27,0,0,126,0,103,153,185,217,0
00103 features=763 size=22 p=10 tap=50 reset=true scheme=3 ops=2,0,3,0,0,1,1,0,0,1,0,2,3,0,0,3,1,3,0,1,1,0,2,2,3,1,1,2,2,1,0,3,2,1,0,3,0,0,3,2,2,0,3,0,0,0,3,3,2,3,2,0,0,1,1,3,3,1,1,0,3,2,1,1 ks=109,15,0,155,217,0,160,0,0,0,140,0,0,0,0,224,82,0,0,126,0,0,0,213,127,0,85,131,51,0,0,0,68,0,0,80,0,0,15,0,0,0,177,0,0,0,0,0,0,0,121,0,0,0,0,0,0,0,0,47,204,14,0,0
00104 features=991 size=64 p=10 tap=14 reset=false scheme=5 ops=0,3,1,2,1,2,1,2,2,3,1,1,0,3,3,2,3,2,2,3,0,0,3,3,3,3,2,2,1,1,0,1,1,2,0,2,0,0,2,1,0,3,0,3,3,3,1,0,0,1,0,0,1,0,0,1,2,0,3,2,1,3,3,0 ks=15,202,165,188,115,56,230,238,132,220,42,11,24,16,252,253,102,206,134,9,241,46,250,190,35,102,103,203,85,66,65,160,211,220,219,17,195,29,169,29,70,24,223,104,159,165,117,218,238,40,67,12,132,153,123,86,51,12,30,109,100,48,99,123
00105 features=985 size=64 p=5 tap=22 reset=true scheme=3 ops=0,1,3,3,3,1,0,3,3,1,0,3,1,2,2,3,3,3,1,3,2,1,0,3,2,2,1,2,3,1,0,0,2,0,2,1,3,0,0,3,3,1,3,3,1,0,2,2,1,1,3,1,3,0,0,2,2,2,0,1,3,0,3,3 ks=144,166,1,177,28,221,70,168,168,169,165,151,71,10,238,216,25,23,218,241,66,213,251,164,38,115,191,196,154,85,14,74,39,28,48,201,134,174,35,203,173,193,66,11,99,254,189,198,174,193,23,221,160,202,90,165,40,229,50,151,224,95,244,42
00106 features=751 size=16 p=2 tap=53 reset=true scheme=4 ops=3,2,3,0,2,1,2,1,1,2,1,0,1,0,1,1,3,0,1,0,2,2,3,2,2,2,2,1,3,0,2,0,0,3,2,1,3,0,1,0,0,1,1,1,3,2,3,0,2,3,0,3,3,1,3,2,1,1,0,2,1,0,1,0 ks=0,75,0,0,23,0,125,0,0,0,0,0,0,0,0,0,0,0,124,0,0,51,15,0,107,201,0,0,70,86,144,108,0,0,0,0,0,0,0,0,0,184,0,0,0,0,0,0,0,0,0,0,0,0,254,0,0,0,45,16,0,0,0,0
00107 features=1006 size=64 p=2 tap=3 reset=true scheme=5 ops=3,1,3,3,1,2,1,0,0,0,3,3,2,3,3,0,2,0,3,0,2,3,1,1,0,0,3,2,2,0,3,2,0,1,1,3,0,3,0,2,0,0,2,3,3,2,1,0,2,3,0,3,0,2,3,3,0,0,3,0,2,2,3,2 ks=246,158,254,123,76,93,252,200,253,82,132,16,182,134,7,122,212,108,177,184,92,52,94,75,230,251,58,138,193,103,181,164,39,72,90,91,123,132,37,214,145,23,39,184,71,199,140,253,74,105,31,196,172,99,233,188,175,27,189,129,11,84,19,122
00108 features=745 size=22 p=5 tap=34 reset=false scheme=3 ops=3,2,3,3,0,0,1,1,1,0,0,2,1,3,0,1,2,2,0,2,2,3,1,1,3,0,0,2,2,2,2,1,3,0,2,0,1,1,0,3,2,3,1,1,3,1,0,0,2,3,3,2,2,3,1,0,3,2,2,3,0,0,1,3 ks=0,0,0,0,128,0,0,0,0,0,175,0,0,0,0,0,0,150,249,220,186,0,0,0,132,0,0,34,0,0,0,0,0,0,0,150,71,118,0,0,255,0,0,226,0,99,0,151,0,27,0,97,0,0,0,0,241,250,0,0,90,79,0,208
00109 features=740 size=21 p=2 tap=53 reset=false scheme=4 ops=3,2,1,2,2,0,1,3,1,1,1,2,1,2,0,3,2,0,1,2,2,2,2,3,0,0,1,2,3,1,0,1,2,0,0,1,3,3,2,1,1,1,1,0,0,1,1,1,1,3,3,3,1,2,0,0,3,3,3,1,1,1,3,0 ks=0,213,201,0,0,0,0,203,180,0,0,0,0,183,249,0,0,168,179,0,0,0,0,0,0,0,220,194,77,0,0,37,45,0,0,0,0,29,233,48,0,0,187,0,0,0,0,0,184,0,0,174,0,0,0,0,0,0,0,0,46,5,0,0
00110 features=873 size=44 p=10 tap=29 reset=false scheme=5 ops=1,3,2,1,0,0,3,1,1,0,3,3,2,1,3,1,2,3,3,0,2,2,1,3,0,1,1,0,3,3,0,2,3,2,0,1,2,3,3,2,3,3,1,2,2,0,0,3,1,3,3,0,2,0,3,0,1,1,3,3,2,2,1,1 ks=191,0,195,0,184,0,232,14,9,84,20,238,0,25,100,152,145,201,136,0,0,184,189,86,217,105,244,138,149,172,244,54,0,0,33,0,125,0,103,0,3,87,0,76,145,201,0,0,102,198,189,0,0,0,130,0,64,0,154,35,0,42,98,237
00111 features=817 size=42 p=5 tap=9 reset=true scheme=3 ops=2,2,1,1,0,1,0,0,3,2,1,0,1,2,3,2,1,2,2,1,3,1,2,0,2,2,1,1,1,1,3,3,0,2,1,2,1,1,1,2,1,1,0,3,1,3,3,1,3,1,2,2,1,2,1,1,2,1,0,2,1,3,2,1 ks=0,134,0,0,90,0,239,0,2,175,0,0,0,0,76,193,0,224,222,231,142,14,254,179,225,109,156,0,0,0,137,49,0,71,0,149,0,0,134,238,182,14,122,0,80,171,155,72,50,136,14,158,0,0,80,0,150,13,0,90,104,199,206,233
00112 features=887 size=44 p=5 tap=15 reset=false scheme=3 ops=1,1,3,0,1,2,0,1,2,2,1,0,1,3,1,3,0,2,2,3,2,3,0,2,1,2,1,2,3,1,0,2,0,2,0,2,3,0,0,2,0,0,3,0,0,2,2,0,1,3,1,2,0,0,1,2,1,3,0,1,0,0,2,0 ks=0,0,238,0,76,0,31,0,197,123,0,208,83,0,0,112,166,0,0,188,220,0,0,106,142,0,134,148,43,129,38,67,11,84,79,231,196,123,0,0,7,170,106,185,115,78,201,0,38,61,14,238,223,0,175,0,0,25,89,0,228,63,64,190
00113 features=691 size=20 p=10 tap=53 reset=false scheme=2 ops=0,2,0,1,2,3,1,0,3,3,3,3,0,3,1,1,3,0,2,2,1,0,2,0,1,0,1,2,2,3,2,2,3,1,2,3,1,3,2,1,2,3,0,0,1,3,1,3,3,2,3,2,3,2,0,3,3,1,0,3,3,1,0,3 ks=0,0,0,0,0,95,0,0,0,0,0,0,4,0,113,0,0,0,0,140,5,0,0,127,0,0,0,0,0,0,0,20,0,0,0,189,0,209,204,184,0,0,218,231,0,9,208,33,0,0,0,0,99,0,0,239,0,0,15,0,0,80,0,0
00114 features=766 size=25 p=10 tap=54 reset=true scheme=0 ops=2,1,0,1,0,0,2,3,0,1,2,0,3,1,1,2,1,1,0,0,1,1,3,0,2,1,0,1,0,3,1,0,3,1,3,2,3,1,1,1,0,0,3,1,3,3,3,2,3,3,2,3,0,2,3,0,1,1,0,0,3,0,3,2 ks=0,82,0,0,86,0,54,84,95,0,0,77,0,0,0,155,0,0,0,109,0,0,0,21,126,0,0,0,0,0,0,0,0,0,0,0,11,0,0,9,0,0,21,0,1,147,168,105,140,0,0,0,0,61,90,248,138,147,161,0,0,0,211,0
00115 features=833 size=19 p=5 tap=8 reset=true scheme=4 ops=0,2,1,0,3,1,3,3,1,3,1,3,1,2,0,3,2,2,2,0,3,2,1,1,2,1,0,0,3,1,3,2,2,0,3,1,0,1,3,2,0,2,2,2,2,1,2,1,1,1,2,1,2,2,2,1,0,3,2,0,2,0,0,3 ks=0,0,0,26,157,0,0,0,0,68,0,142,0,88,188,146,0,246,0,0,0,0,0,220,0,99,0,0,0,0,0,0,0,0,0,0,0,0,131,131,160,0,0,0,0,18,0,0,126,0,0,0,0,0,47,0,0,0,146,33,0,0,0,2
00116 features=988 size=64 p=1 tap=52 reset=true scheme=3 ops=2,2,3,3,1,1,1,2,2,1,3,2,2,1,3,0,3,1,0,2,0,3,3,3,1,0,1,0,1,3,1,2,3,3,3,3,0,3,2,1,1,0,3,1,1,0,2,3,1,1,3,0,0,1,2,0,1,0,1,1,1,2,2,1 ks=251,213,158,239,92,221,78,152,92,211,210,226,55,60,254,124,142,86,204,190,32,237,132,174,92,202,52,42,51,2,119,62,210,181,162,177,34,241,238,34,31,232,139,192,216,179,131,18,76,189,82,113,232,148,34,209,134,200,187,180,217,31,54,153
00117 features=810 size=51 p=10 tap=45 reset=false scheme=3 ops=2,3,3,3,0,1,0,1,2,2,0,1,3,1,2,2,1,1,1,2,2,1,3,2,2,2,2,2,1,0,0,2,2,0,3,1,3,2,3,0,2,1,3,3,3,3,3,0,2,0,3,3,3,1,0,3,2,1,0,2,3,2,2,3 ks=57,172,145,199,23,14,203,163,42,0,37,135,159,177,219,208,17,139,156,0,157,139,19,41,231,0,136,0,236,197,72,0,125,98,0,5,251,164,165,29,79,226,52,0,171,57,0,30,105,54,251,195,0,0,131,0,90,0,240,5,124,0,206,193
00118 features=791 size=23 p=10 tap=56 reset=false scheme=5 ops=2,3,2,2,2,0,2,0,2,3,0,0,0,0,2,1,1,0,1,2,2,2,0,1,3,3,1,3,1,2,3,2,0,0,0,2,2,0,1,2,2,0,3,3,3,3,1,0,0,2,2,2,2,1,0,1,3,1,3,3,1,2,3,1 ks=0,248,0,57,0,0,173,0,40,62,0,0,129,227,9,0,0,236,0,40,10,0,0,0,0,188,0,0,0,0,0,246,40,0,0,0,123,0,24,0,220,0,0,0,226,0,0,176,249,0,0,0,0,0,0,0,227,17,0,0,73,0,0,0
00119 features=705 size=19 p=5 tap=38 reset=true scheme=3 ops=3,0,0,0,1,3,3,0,2,0,3,0,2,1,0,0,3,1,1,3,0,3,2,0,2,1,1,3,3,3,2,1,1,2,1,3,3,3,1,1,3,3,2,1,0,3,3,2,0,1,2,3,3,2,1,0,3,2,3,2,3,3,1,1 ks=247,0,0,35,0,0,0,0,0,0,0,235,0,0,0,0,0,0,0,0,225,0,176,64,0,42,0,49,0,0,125,0,0,0,158,0,192,0,0,0,0,242,0,0,0,0,0,0,167,0,0,188,0,0,201,41,73,0,0,47,0,0,175,0
00120 features=738 size=20 p=2 tap=36 reset=true scheme=3 ops=0,3,2,1,2,2,3,1,3,0,1,1,1,0,3,1,2,3,1,2,1,0,3,1,3,1,0,2,2,3,2,1,0,3,3,0,3,3,3,3,0,1,2,3,3,1,0,1,3,3,2,3,3,0,2,1,0,3,2,3,0,0,0,2 ks=0,173,0,0,123,155,0,0,0,0,0,0,150,16,0,0,14,0,0,0,0,0,0,0,0,142,229,0,235,0,146,0,0,0,0,0,0,0,0,0,159,0,0,177,0,0,0,142,0,233,0,231,80,0,0,81,21,0,0,242,0,0,0,59
00121 features=706 size=16 p=5 tap=54 reset=false scheme=0 ops=0,2,0,2,1,3,2,0,2,3,1,0,2,1,3,1,2,2,1,2,1,1,0,3,3,2,3,0,2,2,0,0,1,1,2,2,0,1,1,1,0,1,1,1,0,3,2,3,2,0,0,0,3,2,3,1,3,1,2,3,1,1,0,3 ks=88,0,0,0,184,0,0,166,0,0,154,0,180,0,0,0,201,120,0,0,0,0,0,56,59,0,0,0,246,0,0,0,0,0,0,0,0,0,215,0,0,22,38,0,0,0,0,0,0,173,0,102,0,0,0,0,104,0,0,0,0,0,0,0
00122 features=892 size=11 p=1 tap=31 reset=true scheme=3 ops=1,0,0,2,2,1,3,0,0,3,0,0,0,2,3,0,0,0,1,1,3,2,1,0,0,3,0,1,2,0,3,3,0,0,0,2,0,3,2,1,3,2,3,0,0,2,2,2,0,3,2,2,3,3,3,0,0,2,3,1,1,0,0,2 ks=162,0,0,0,70,0,0,0,0,0,0,77,0,0,0,0,0,0,0,189,0,0,0,0,0,0,0,0,0,0,0,216,195,76,0,0,0,0,252,0,46,0,0,191,0,0,0,0,0,0,0,0,0,0,0,0,0,0,0,0,39,0,0,0
00123 features=777 size=27 p=10 tap=38 reset=true scheme=0 ops=3,0,3,3,2,1,1,0,1,2,0,2,1,1,0,0,0,2,3,1,1,0,1,1,1,1,0,1,2,3,1,0,0,3,1,3,3,0,1,1,3,2,3,3,0,1,2,2,0,2,3,0,2,1,3,3,1,3,1,1,2,1,2,1 ks=0,0,0,0,137,204,0,0,0,111,175,0,0,0,0,241,80,220,0,0,190,53,0,0,0,0,102,0,0,0,0,0,62,0,0,0,0,0,217,74,0,0,57,0,107,0,59,232,0,0,39,6,207,244,82,148,0,13,0,239,247,117,0,0
00124 features=989 size=64 p=2 tap=51 reset=true scheme=3 ops=3,2,1,0,1,2,0,2,3,1,1,0,2,0,3,3,2,1,0,2,0,2,0,3,3,0,0,2,2,2,0,1,2,0,3,0,2,3,3,1,1,1,3,1,2,1,1,1,1,1,3,2,2,3,2,1,1,2,0,0,0,1,0,3 ks=19,146,194,18,77,240,43,207,126,126,235,130,95,54,187,94,120,69,170,71,195,239,112,78,36,209,254,23,248,58,1,4,68,65,11,45,85,10,181,91,215,108,44,224,10,144,236,140,97,203,32,9,189,206,243,180,85,114,252,7,93,140,101,113
00125 features=856 size=26 p=5 tap=10 reset=true scheme=5 ops=1,1,0,3,0,3,3,2,1,2,3,1,2,1,0,1,3,0,1,3,0,2,3,1,3,2,1,3,0,1,1,2,1,2,2,2,1,0,0,0,3,0,0,2,1,2,2,3,0,0,2,2,1,3,1,1,1,0,3,0,0,0,3,2 ks=0,232,0,138,15,169,0,0,162,159,33,147,0,0,108,0,110,0,142,74,0,0,0,0,0,0,104,0,0,0,191,0,0,80,0,0,0,0,233,0,0,45,0,5,212,54,0,92,0,223,0,0,0,190,41,0,0,0,0,0,185,0,0,46
00126 features=981 size=64 p=1 tap=56 reset=true scheme=3 ops=2,1,3,3,3,1,2,2,2,0,1,2,0,2,3,2,2,0,1,0,0,1,3,2,0,2,3,2,2,0,1,3,0,1,1,1,1,3,2,0,1,3,3,3,1,2,2,3,2,1,3,3,2,0,2,1,3,1,2,0,1,3,0,3 ks=58,176,33,109,228,191,207,170,116,65,223,202,67,53,210,149,92,152,140,60,60,110,44,200,145,52,194,200,94,216,8,74,107,139,237,89,30,55,235,145,161,4,6,107,81,223,20,179,56,88,155,232,99,251,125,183,206,41,162,224,176,82,245,122
00127 features=790 size=27 p=2 tap=59 reset=true scheme=5 ops=1,3,0,2,3,1,1,2,2,3,2,3,1,0,2,0,1,2,1,1,2,2,1,0,0,2,1,1,2,0,1,0,2,1,3,0,1,3,0,1,1,3,2,0,3,3,1,0,3,3,0,0,2,0,3,3,3,1,1,3,1,3,2,3 ks=0,0,0,207,0,0,0,0,5,0,105,210,210,153,227,0,192,113,0,0,246,0,0,0,0,183,0,135,0,0,3,0,0,0,0,198,138,0,47,0,0,142,0,247,0,84,0,211,0,49,0,0,0,149,170,0,188,0,61,229,0,24,0,0
00128 features=1044 size=64 p=10 tap=14 reset=true scheme=0 ops=1,3,0,2,1,2,2,1,0,1,3,0,1,3,3,3,1,1,1,3,0,1,0,1,3,3,3,2,0,0,2,0,0,3,0,2,0,3,2,2,0,0,2,1,1,2,2,3,3,1,2,3,2,3,3,2,3,1,0,3,2,3,1,3 ks=154,235,7,185,222,251,246,208,98,201,53,182,252,206,253,133,6,97,224,165,211,17,213,16,140,216,125,71,136,7,86,140,45,216,211,71,47,228,63,205,70,172,169,179,199,252,145,39,214,227,217,185,232,83,134,213,121,79,186,17,137,134,167,87
00129 features=959 size=64 p=10 tap=22 reset=true scheme=3 ops=3,2,1,2,3,0,1,2,3,0,1,3,1,2,0,3,1,3,1,2,2,3,3,3,2,3,1,1,0,3,1,2,3,1,2,2,0,3,2,2,2,2,2,0,0,2,3,3,0,0,3,0,2,0,2,0,2,2,0,1,3,1,0,0 ks=127,67,231,153,84,39,171,89,161,172,141,246,220,192,219,248,165,173,225,172,102,157,243,95,82,201,101,94,239,42,19,112,166,74,163,147,50,182,23,228,116,86,102,113,133,148,15,144,181,34,21,235,138,73,12,8,131,20,62,228,240,27,138,90
00130 features=957 size=64 p=5 tap=47 reset=true scheme=3 ops=2,0,3,0,2,1,0,3,0,0,3,3,1,2,0,3,1,0,2,1,2,2,0,2,2,0,0,2,0,0,0,1,2,0,2,2,1,2,3,1,3,3,1,2,0,0,2,1,1,2,3,0,0,1,3,1,2,2,0,0,0,2,1,3 ks=116,241,27,43,223,93,25,224,211,137,193,222,201,109,44,229,249,196,252,24,165,15,50,63,72,136,9,167,2,22,29,233,187,90,138,92,250,109,11,34,66,212,217,57,149,67,35,242,98,11,19,146,170,255,13,207,118,142,83,34,148,60,11,204
00131 features=973 size=64 p=10 tap=28 reset=true scheme=3 ops=3,1,0,1,0,2,0,1,3,1,1,2,2,0,0,0,2,3,1,1,0,2,2,1,0,0,3,3,1,1,2,2,3,0,1,3,2,3,1,2,0,1,1,3,0,0,2,2,3,0,0,3,0,2,2,2,1,0,3,3,0,0,0,0 ks=85,31,125,196,101,57,57,56,233,120,200,243,82,7,114,41,205,238,142,192,220,32,35,85,68,146,155,238,161,172,106,195,245,128,132,222,219,56,57,49,39,101,253,10,81,185,58,21,61,59,252,31,1,232,171,33,123,114,219,119,26,32,151,30
00132 features=752 size=20 p=1 tap=62 reset=true scheme=3 ops=0,3,2,0,0,0,0,1,3,3,0,0,1,0,3,3,1,1,2,2,2,1,1,3,2,1,2,3,2,2,1,0,2,0,3,3,1,1,2,0,2,1,3,3,3,0,1,2,3,3,2,1,2,2,2,0,1,0,1,3,2,3,0,0 ks=64,100,0,0,0,0,39,246,0,0,0,0,0,0,0,0,0,0,0,0,148,0,0,223,0,0,0,215,247,0,59,0,0,0,219,0,0,0,0,0,64,233,0,0,0,25,124,121,0,0,114,0,0,0,0,47,58,0,19,0,0,0,0,211
00133 features=971 size=63 p=1 tap=61 reset=true scheme=3 ops=1,2,3,1,3,2,3,1,3,3,3,2,3,1,0,2,0,3,1,1,0,0,1,0,2,0,3,1,3,0,3,2,3,1,0,3,2,0,0,3,0,0,3,1,3,2,0,3,2,0,3,2,0,3,2,3,0,0,2,0,3,3,2,2 ks=173,32,177,108,39,130,21,89,127,137,31,190,129,130,88,36,0,23,85,26,105,173,185,20,124,179,184,212,247,2,216,40,218,186,204,240,196,239,193,178,233,28,187,106,205,185,145,176,230,50,108,33,66,98,161,5,193,254,61,244,102,3,160,32
00134 features=880 size=42 p=10 tap=53 reset=false scheme=3 ops=3,2,0,1,1,3,1,2,1,2,1,3,0,0,1,0,3,2,1,3,0,3,0,2,0,2,2,3,0,1,0,0,3,1,0,0,3,2,0,2,2,1,1,0,0,2,2,2,2,0,3,3,3,1,3,3,2,2,3,3,1,2,3,1 ks=220,245,0,105,180,0,104,0,0,128,202,0,0,113,210,0,144,0,231,36,91,0,24,0,0,85,182,161,0,71,34,0,0,51,8,56,0,0,255,138,96,128,135,0,0,213,106,0,113,0,254,203,92,146,0,85,94,49,23,35,182,180,211,0
00135 features=830 size=35 p=10 tap=6 reset=false scheme=5 ops=2,3,2,3,3,2,3,1,3,3,3,2,1,0,2,2,0,1,3,0,1,0,3,1,2,1,1,0,0,1,1,1,2,3,0,1,2,3,3,0,3,2,1,3,1,2,1,3,3,3,1,3,1,1,3,2,3,0,1,2,1,1,3,1 ks=115,0,234,0,125,0,244,0,233,0,190,181,77,0,0,234,131,215,204,242,58,0,134,71,210,0,0,0,0,41,66,0,238,163,167,0,0,23,215,0,169,159,84,175,194,77,0,4,0,64,0,0,0,76,0,0,0,0,45,59,0,0,0,0
00136 features=685 size=17 p=10 tap=53 reset=true scheme=3 ops=3,1,3,0,1,2,2,3,1,3,0,3,3,0,0,1,2,2,0,3,3,0,1,0,3,1,1,2,3,0,0,2,0,0,3,0,3,2,1,1,3,3,1,0,2,3,3,1,2,3,3,2,0,1,2,1,3,3,1,1,1,1,3,2 ks=0,0,0,0,0,0,0,0,248,0,0,86,0,0,0,240,0,225,0,2,0,164,99,242,0,0,37,0,0,0,78,0,0,0,0,0,0,0,0,0,0,114,0,0,0,0,216,0,14,0,0,109,123,0,0,0,0,0,0,0,58,0,0,209
00137 features=771 size=21 p=10 tap=42 reset=true scheme=3 ops=2,2,2,0,0,1,2,0,0,3,2,0,2,2,3,2,1,0,1,3,2,3,0,0,3,3,1,1,1,3,1,3,0,1,2,0,2,0,1,3,3,3,0,1,0,3,2,2,0,3,2,2,1,0,0,1,0,1,1,2,0,0,1,3 ks=0,225,0,0,0,0,0,0,0,0,112,43,30,0,188,0,0,0,41,220,157,17,0,167,0,0,0,37,0,248,0,0,238,0,0,0,226,0,0,135,0,152,223,0,0,0,22,0,0,0,0,40,0,0,0,0,0,0,133,0,0,0,0,117
00138 features=837 size=37 p=1 tap=39 reset=true scheme=3 ops=3,3,3,2,0,2,0,1,0,3,2,2,3,1,2,0,2,1,1,2,0,0,0,3,2,1,2,1,1,3,0,1,2,1,3,3,3,0,1,3,0,2,1,1,3,0,0,1,0,2,1,3,2,3,2,1,1,3,0,1,2,3,1,3 ks=0,0,0,237,0,0,53,236,170,219,0,226,35,0,0,226,221,0,255,201,0,0,0,231,190,0,169,4,42,13,44,92,0,14,208,103,95,25,0,255,0,185,0,79,214,0,164,225,0,62,0,0,47,0,96,59,129,20,0,0,0,19,0,0
00139 features=855 size=21 p=5 tap=22 reset=true scheme=0 ops=0,0,1,0,3,0,1,3,2,2,1,0,0,3,0,2,0,2,3,0,3,3,1,2,2,3,3,3,3,3,1,3,1,0,1,2,1,1,2,2,0,3,2,2,0,2,0,1,0,3,1,0,1,2,1,0,2,3,0,1,0,2,3,2 ks=0,0,150,0,0,160,0,177,0,0,0,168,103,0,0,0,0,0,0,0,40,0,0,0,186,0,201,58,136,0,0,0,0,240,247,201,0,0,0,0,68,209,26,0,0,0,0,0,0,70,154,21,0,0,117,0,0,0,128,0,0,0,0,0
00140 features=861 size=23 p=1 tap=6 reset=true scheme=0 ops=1,2,0,0,3,2,2,1,0,3,2,2,2,2,3,0,2,3,0,0,0,2,2,2,2,2,0,3,2,1,3,1,1,1,0,1,0,0,0,1,0,2,1,1,3,0,3,0,2,2,0,0,0,0,3,3,0,0,2,1,3,1,1,3 ks=0,0,0,117,0,0,74,0,153,0,0,0,0,0,34,0,146,0,0,0,195,0,0,0,154,196,106,0,11,81,0,210,181,240,0,91,0,0,0,0,0,0,0,0,54,0,0,96,218,178,0,91,0,0,0,158,0,76,207,0,0,0,0,0
00141 features=755 size=24 p=10 tap=41 reset=true scheme=3 ops=1,0,3,1,2,3,1,3,3,1,3,2,1,0,3,2,3,0,2,3,0,2,2,2,3,3,3,2,2,1,2,3,3,2,2,2,1,0,1,0,2,2,1,3,1,2,2,0,1,3,3,3,3,0,2,2,1,2,2,0,1,0,2,1 ks=0,91,170,0,180,13,126,0,0,0,0,0,0,0,104,0,0,0,206,0,187,0,0,0,0,0,209,69,0,45,0,29,0,0,152,193,0,0,0,0,112,0,0,0,232,144,0,0,0,37,95,0,0,0,113,0,219,0,0,53,61,158,0,0
00142 features=847 size=40 p=1 tap=21 reset=true scheme=3 ops=0,0,1,1,2,1,0,3,3,1,0,1,2,2,0,2,0,0,0,1,1,3,1,1,0,1,0,0,0,0,0,2,1,0,2,0,1,0,3,2,0,1,2,3,0,1,1,2,2,0,2,1,1,2,3,2,2,3,3,3,0,0,2,1 ks=153,0,157,50,7,161,0,0,249,0,0,119,192,59,106,164,0,0,109,0,91,33,248,188,0,0,170,0,0,90,18,18,0,148,190,122,0,82,0,30,0,224,161,0,95,0,33,173,89,0,119,0,200,0,197,10,21,0,199,195,0,189,0,189
00143 features=831 size=26 p=5 tap=55 reset=true scheme=3 ops=2,3,2,2,3,2,2,2,3,0,1,1,3,3,1,2,0,0,3,0,0,3,3,0,3,2,0,1,0,1,2,0,3,1,2,0,3,3,1,2,3,1,1,1,3,3,0,1,1,2,3,1,3,2,3,3,3,3,1,2,2,1,3,1 ks=92,252,10,0,172,0,169,0,0,71,124,5,80,0,0,112,0,0,112,0,0,0,0,5,0,0,34,0,0,116,0,113,95,0,0,0,142,0,0,0,0,0,0,104,1,0,0,94,72,0,0,0,230,0,0,0,45,0,0,82,0,234,0,72
00144 features=811 size=23 p=1 tap=20 reset=true scheme=3 ops=1,0,0,1,0,3,3,3,2,2,1,1,1,3,0,1,2,2,0,2,3,1,2,1,2,0,1,3,2,3,1,2,3,2,1,3,3,2,1,2,1,0,1,1,0,0,0,2,3,2,1,3,0,2,2,0,0,0,2,1,3,0,3,1 ks=0,199,0,118,56,0,205,0,0,0,227,244,188,210,0,0,100,0,197,0,0,238,0,20,0,0,0,0,215,70,0,0,44,218,0,93,0,203,0,0,0,0,0,66,217,0,0,146,0,0,0,218,0,0,0,0,0,0,0,0,131,0,0,0
00145 features=930 size=40 p=5 tap=42 reset=true scheme=2 ops=0,1,3,2,1,2,0,0,0,1,3,1,0,0,2,1,3,0,0,2,0,1,0,2,0,2,0,0,0,3,0,2,3,3,2,3,1,2,0,2,1,3,1,0,0,3,3,1,2,1,3,2,3,2,2,2,3,3,1,3,0,2,3,0 ks=192,223,0,36,13,152,24,211,126,0,84,58,0,114,0,245,0,0,146,0,33,0,0,130,209,0,0,0,123,145,24,97,0,0,7,236,0,233,180,149,209,114,55,2,0,0,65,0,16,164,0,0,0,69,77,0,68,114,228,139,163,0,3,0
00146 features=803 size=26 p=10 tap=18 reset=true scheme=3 ops=3,1,3,3,0,2,3,1,3,1,1,3,0,1,2,0,0,0,2,3,0,2,1,0,0,1,2,1,3,2,3,0,0,3,2,0,1,0,0,2,0,3,0,3,0,3,2,0,2,0,0,2,0,1,2,3,1,0,2,2,2,1,2,2 ks=0,0,0,0,201,187,228,0,0,62,22,253,0,253,125,0,0,0,94,0,32,0,229,195,0,194,196,10,166,0,74,0,75,0,0,216,0,0,0,0,0,0,0,0,161,0,0,0,0,0,0,206,0,54,0,210,0,29,0,0,53,66,0,0
00147 features=874 size=37 p=1 tap=43 reset=true scheme=3 ops=3,1,1,0,3,0,0,2,2,0,2,3,1,1,2,3,3,2,0,1,2,0,2,0,3,3,2,1,2,1,1,3,3,0,1,3,1,2,2,2,3,2,2,3,2,3,2,2,3,0,1,3,1,2,2,2,0,0,1,2,1,1,3,2 ks=177,0,25,18,0,191,202,0,0,190,148,42,186,0,0,12,238,185,231,174,154,46,0,105,173,0,0,0,91,233,0,0,0,96,64,0,0,136,52,109,255,0,93,188,128,0,0,0,0,80,154,148,124,0,0,0,0,0,128,125,50,0,0,253
00148 features=977 size=64 p=2 tap=13 reset=true scheme=3 ops=2,1,2,0,2,2,0,2,1,0,2,0,3,3,3,0,2,2,0,2,0,0,3,3,0,0,2,1,0,2,1,0,3,2,3,3,3,2,3,2,2,3,3,3,0,0,0,3,3,3,0,2,2,0,2,0,1,0,0,3,0,3,2,0 ks=104,94,14,180,68,243,130,28,231,56,91,217,218,156,237,179,226,169,127,153,48,117,149,189,101,41,229,198,154,106,234,70,118,169,241,215,62,172,125,249,18,21,56,72,230,202,164,206,151,18,59,12,22,93,14,50,247,72,115,201,59,223,54,71
00149 features=902 size=44 p=10 tap=24 reset=true scheme=4 ops=1,0,2,2,2,0,3,3,0,3,0,3,1,1,2,1,1,0,1,0,1,2,0,3,3,3,2,3,2,0,3,3,2,3,3,2,1,1,3,2,3,0,0,1,3,0,0,2,2,3,2,1,3,1,1,1,2,1,1,2,1,1,0,3 ks=71,245,178,132,29,250,2,0,181,103,184,57,0,207,0,0,96,0,36,76,22,167,190,2,29,0,0,0,84,0,67,100,182,0,233,193,0,164,169,142,0,151,255,204,98,0,0,158,0,0,0,140,192,70,0,125,10,79,0,33,214,156,0,6
00150 features=940 size=44 p=5 tap=44 reset=true scheme=1 ops=2,2,1,2,1,1,1,3,2,0,2,1,1,2,1,3,2,3,3,0,1,3,1,1,2,2,2,0,1,3,2,1,2,0,3,2,0,3,1,0,3,3,3,2,2,2,2,0,1,0,2,2,1,2,1,1,1,1,0,3,1,1,0,2 ks=162,0,32,186,46,0,225,20,136,157,119,157,182,93,0,0,130,124,172,40,84,0,76,129,0,0,0,125,203,0,200,0,133,0,4,0,0,241,129,194,0,193,140,0,221,0,20,72,83,24,235,151,0,0,160,190,0,68,0,214,139,30,18,84
00151 features=815 size=28 p=5 tap=11 reset=true scheme=3 ops=2,0,0,1,1,2,3,3,2,2,3,3,0,1,3,1,1,3,1,2,2,2,2,2,0,2,3,1,1,2,3,2,2,2,2,0,2,3,2,3,1,0,0,3,2,1,0,1,0,1,1,3,1,1,1,2,3,2,3,2,0,0,3,1 ks=134,254,0,0,0,0,31,231,40,114,155,0,77,0,220,141,128,0,192,0,0,0,0,93,0,0,0,0,20,0,0,200,76,0,0,0,156,0,135,0,0,81,144,0,0,156,0,49,0,96,0,63,0,0,67,136,0,0,198,47,0,0,0,0
00152 features=759 size=40 p=2 tap=35 reset=false scheme=4 ops=0,2,3,3,1,3,3,2,3,0,1,2,0,0,0,0,2,2,0,0,3,1,2,3,3,1,2,0,2,1,0,1,3,1,3,3,3,3,3,0,0,0,0,3,2,0,3,0,0,1,0,0,3,0,2,2,1,0,2,0,0,3,2,0 ks=247,41,38,0,2,134,37,0,0,118,0,0,236,58,0,212,147,142,24,0,0,0,0,0,83,199,59,219,160,46,17,42,216,90,215,255,0,0,0,246,89,0,0,0,181,107,0,0,0,0,122,131,16,129,58,0,182,87,205,168,0,2,79,0
00153 features=957 size=64 p=10 tap=23 reset=true scheme=3 ops=0,2,2,1,2,1,1,2,3,0,2,2,1,3,3,2,0,0,1,0,3,2,0,0,3,1,2,3,0,2,0,2,0,0,2,2,1,1,2,0,2,1,1,3,3,0,0,2,0,2,3,3,3,3,3,2,3,1,1,0,3,2,3,1 ks=38,181,252,29,225,181,132,217,243,16,75,45,234,73,164,253,52,34,77,35,21,112,106,67,90,80,128,159,126,51,211,8,227,200,24,112,178,203,98,41,203,154,149,18,242,241,238,29,165,77,113,237,67,247,159,129,108,121,63,239,156,62,21,242
00154 features=866 size=44 p=1 tap=60 reset=true scheme=3 ops=2,1,0,3,0,0,3,1,2,2,1,1,2,1,2,0,2,1,2,1,0,0,1,2,2,1,1,2,2,2,0,0,1,0,2,0,1,1,3,3,1,3,3,3,2,1,0,0,0,2,3,3,0,0,3,1,1,2,0,3,1,3,2,3 ks=42,0,247,0,7,131,0,158,102,248,123,152,0,168,3,108,213,0,202,23,200,211,201,0,14,0,37,200,163,0,0,70,114,137,0,0,0,180,85,233,5,0,204,175,0,101,228,123,236,26,247,0,42,185,0,0,195,0,40,91,174,57,0,0
00155 features=951 size=64 p=5 tap=6 reset=true scheme=3 ops=3,3,0,3,3,0,2,1,0,1,3,3,0,0,1,1,1,0,0,1,1,0,1,0,0,0,2,3,1,0,1,1,2,3,0,2,1,2,3,2,3,0,0,3,1,3,1,0,3,2,2,1,3,0,1,2,3,0,1,3,3,1,1,1 ks=209,220,102,214,167,4,160,36,43,28,124,87,203,114,110,249,124,60,3,114,156,225,180,145,161,3,77,28,72,100,190,126,161,138,66,131,103,165,221,45,66,147,23,182,153,162,21,8,130,204,251,78,6,206,195,5,251,223,198,143,168,224,86,109
00156 features=824 size=44 p=2 tap=43 reset=true scheme=3 ops=3,1,3,2,1,1,2,0,3,3,2,0,3,3,2,3,2,1,1,0,1,0,2,2,2,1,1,1,2,2,3,0,2,3,2,1,1,3,2,0,2,3,3,3,1,3,3,2,2,3,1,1,3,1,0,1,1,1,3,1,3,0,1,1 ks=230,0,199,148,0,228,81,52,0,194,0,214,93,112,0,0,151,161,0,59,72,183,200,158,162,0,219,209,0,26,194,10,0,0,173,218,0,138,180,148,0,70,0,93,103,97,0,92,51,210,81,4,0,253,169,246,47,0,174,0,0,252,0,193
00157 features=1036 size=64 p=5 tap=37 reset=true scheme=2 ops=3,0,3,0,1,2,0,3,0,3,0,1,3,3,2,2,3,2,1,1,2,2,1,2,0,3,0,0,3,1,3,2,3,1,1,0,3,3,2,1,2,1,1,2,1,2,0,0,3,1,0,0,0,3,1,3,3,0,1,3,0,3,2,3 ks=28,216,176,30,70,92,198,8,54,241,177,100,178,97,228,133,30,2,76,142,51,179,185,31,137,137,122,146,57,213,75,61,198,62,241,25,221,255,23,210,53,86,226,195,194,7,167,223,42,6,12,209,61,118,244,193,180,35,238,11,149,167,224,231
00158 features=812 size=22 p=10 tap=58 reset=false scheme=0 ops=0,2,3,2,1,2,3,3,1,3,1,2,3,0,1,2,1,1,3,3,3,0,0,0,2,2,0,2,0,3,2,1,0,3,0,1,0,1,3,1,1,2,3,3,2,0,2,3,0,3,3,1,0,1,1,1,3,3,2,3,1,2,2,0 ks=0,0,0,43,0,0,0,115,0,228,0,0,0,202,0,214,46,228,116,140,234,120,88,0,0,0,0,0,0,0,0,0,0,0,181,0,0,0,0,52,96,115,0,206,0,0,0,0,0,0,0,102,0,194,195,0,0,0,76,0,0,0,96,0
00159 features=866 size=45 p=10 tap=47 reset=false scheme=1 ops=2,3,0,2,3,1,2,2,1,2,3,1,2,1,3,0,3,0,2,3,2,3,1,1,3,0,3,0,2,1,3,1,0,0,3,1,0,0,2,1,1,3,0,0,0,2,3,3,0,1,0,3,2,2,0,0,0,3,3,1,2,2,1,0 ks=16,164,0,140,0,187,165,194,0,50,36,0,0,129,198,144,0,68,0,0,104,142,0,0,62,117,154,118,0,0,165,245,51,185,0,3,212,0,158,84,222,95,58,0,45,55,255,202,121,207,226,0,0,116,116,38,245,0,192,222,173,177,152,0
00160 features=958 size=63 p=5 tap=58 reset=true scheme=3 ops=1,1,3,1,2,3,2,1,2,2,3,2,1,2,2,1,3,0,0,1,2,0,0,2,1,2,2,0,3,0,0,0,1,1,1,0,3,0,0,3,1,3,1,1,3,3,1,0,1,3,3,1,1,0,2,0,1,2,3,3,2,1,0,3 ks=169,53,114,52,66,122,64,94,40,75,112,108,5,48,217,98,76,184,17,235,202,211,251,120,171,91,13,0,7,94,69,84,152,8,33,106,63,94,4,40,253,160,136,117,64,51,52,22,10,199,193,139,239,16,249,220,121,146,135,125,129,141,153,131
00161 features=749 size=29 p=1 tap=33 reset=true scheme=3 ops=1,0,1,1,2,2,1,2,2,3,2,3,1,3,1,3,0,1,0,2,0,0,2,3,1,2,1,0,0,2,2,3,2,3,1,2,0,3,1,0,3,2,2,0,2,1,1,1,3,3,2,1,3,1,2,0,2,2,3,0,2,1,1,1 ks=0,144,0,25,86,0,0,0,77,221,0,64,0,0,112,0,27,245,236,176,0,0,0,0,0,162,205,222,0,0,0,131,254,247,0,0,11,189,0,187,0,0,173,239,200,0,0,0,0,0,236,0,29,0,0,250,229,0,0,0,37,177,0,0
00162 features=921 size=38 p=2 tap=3 reset=true scheme=3 ops=0,3,1,3,0,1,2,0,1,0,3,3,2,2,2,1,0,3,1,0,3,0,3,1,0,2,0,2,2,1,2,2,2,2,2,3,2,0,1,3,0,2,0,3,3,1,3,0,3,2,0,1,2,0,0,1,3,3,0,2,3,1,0,0 ks=30,0,63,0,113,120,0,0,218,9,0,0,48,0,245,36,0,0,130,0,40,0,134,0,180,109,0,194,172,0,227,51,0,0,198,184,0,167,187,27,13,83,0,8,0,91,0,121,0,230,226,181,0,40,16,207,48,174,129,0,0,0,0,196
00163 features=1005 size=64 p=1 tap=36 reset=true scheme=3 ops=3,0,2,1,2,2,1,2,3,2,0,2,3,3,0,0,3,0,2,1,2,3,3,2,1,0,0,2,2,3,3,2,0,3,3,1,1,0,0,0,0,2,0,2,1,1,1,2,1,1,0,1,2,0,0,3,1,3,1,3,3,3,3,3 ks=54,210,243,97,54,125,22,180,199,210,1,155,172,202,68,84,134,6,46,118,224,26,3,129,185,47,14,146,66,66,230,229,210,240,36,127,238,43,217,61,100,27,125,89,107,195,229,136,4,28,170,123,193,109,5,103,239,159,172,89,89,29,52,37
00164 features=823 size=26 p=5 tap=45 reset=true scheme=2 ops=0,1,3,0,1,0,1,1,1,3,2,2,0,0,2,1,1,3,1,2,0,3,0,0,1,3,1,1,1,3,2,2,2,2,0,3,3,3,0,2,3,3,0,2,3,0,3,3,3,3,0,2,2,1,3,1,2,1,2,3,1,0,1,3 ks=0,0,0,0,0,16,119,86,113,160,0,182,0,0,246,0,0,0,0,0,0,143,74,221,0,0,134,0,0,0,68,8,5,0,16,235,0,0,0,0,0,0,0,0,243,45,0,203,45,29,0,16,200,0,0,245,0,0,180,236,0,0,0,0
00165 features=838 size=45 p=1 tap=60 reset=false scheme=4 ops=0,2,1,1,1,3,1,2,2,3,3,0,0,3,1,1,1,3,0,3,2,1,1,0,1,3,3,3,3,0,2,2,2,2,0,0,3,0,1,3,1,2,2,0,0,1,3,3,3,2,0,1,3,3,3,0,3,0,1,3,3,3,0,2 ks=195,29,253,74,0,209,131,178,206,28,131,111,254,0,0,166,0,0,188,142,0,0,180,88,0,56,212,0,64,144,57,212,171,158,56,14,0,76,0,228,49,79,0,13,20,245,0,253,79,0,0,129,42,255,131,0,0,227,142,169,128,0,0,136
00166 features=803 size=25 p=1 tap=11 reset=true scheme=1 ops=0,1,1,3,1,1,0,1,3,3,1,3,0,3,0,1,3,0,3,3,1,3,3,0,1,1,2,2,2,0,1,3,3,3,2,1,0,2,2,2,0,2,0,3,1,0,0,1,2,2,0,1,0,3,1,3,0,2,1,3,0,1,2,1 ks=252,0,205,0,0,218,37,0,0,0,64,61,0,0,0,24,225,0,111,118,0,203,0,0,76,63,0,0,0,0,31,192,0,0,0,130,0,0,0,0,122,202,145,0,0,128,0,0,0,0,142,0,150,0,0,0,0,0,104,65,243,0,0,0
00167 features=880 size=39 p=2 tap=30 reset=true scheme=3 ops=1,0,0,0,1,0,0,3,3,2,0,3,3,1,1,1,3,0,1,2,0,0,1,3,1,1,2,0,1,0,3,0,2,3,2,3,1,1,3,0,0,3,0,0,1,3,2,3,0,1,2,0,3,2,1,2,1,3,3,3,3,0,1,3 ks=210,168,62,0,19,232,222,75,41,0,0,0,187,0,0,0,186,220,147,0,166,194,175,0,0,141,83,0,30,146,150,35,76,245,250,192,113,74,0,0,255,0,0,133,86,0,0,0,0,0,0,0,0,106,163,60,251,3,228,0,0,43,126,248
00168 features=826 size=22 p=5 tap=34 reset=true scheme=3 ops=3,3,1,0,0,1,3,1,3,0,3,3,2,2,0,3,0,0,2,0,2,2,3,3,3,3,2,1,0,2,2,2,0,0,2,2,2,1,3,1,1,3,2,3,1,0,3,3,1,0,3,3,2,0,0,3,1,2,3,2,0,0,0,0 ks=0,0,231,0,195,0,84,0,0,0,77,108,0,0,0,133,255,125,182,0,0,0,0,0,239,0,0,0,0,0,0,175,241,0,52,107,0,0,212,0,0,0,0,187,160,0,0,0,221,108,191,0,0,0,105,0,0,0,0,0,23,0,0,0
00169 features=1020 size=63 p=5 tap=37 reset=false scheme=0 ops=1,2,3,2,3,2,2,1,3,1,0,2,3,2,3,0,2,0,2,3,1,2,1,1,1,0,2,2,2,2,2,2,1,0,0,1,1,3,1,2,2,3,3,1,2,1,2,3,3,1,2,2,2,1,0,0,2,2,0,2,2,2,1,0 ks=48,69,135,57,142,91,24,176,221,16,189,39,0,7,43,55,15,179,147,14,99,174,75,130,139,246,34,4,25,9,127,196,68,162,143,201,151,254,133,216,167,118,196,229,190,154,43,1,108,55,148,245,205,16,162,119,235,39,93,79,96,58,81,73
00170 features=1026 size=64 p=10 tap=32 reset=true scheme=5 ops=1,1,1,0,3,0,2,2,0,1,0,3,0,1,2,2,1,3,3,3,3,0,0,1,3,2,3,2,3,0,2,3,3,2,0,2,2,1,3,3,0,1,1,0,0,3,0,1,2,2,1,2,3,1,2,1,3,2,1,3,3,2,0,3 ks=165,16,115,102,34,41,45,189,215,153,20,17,109,194,172,26,253,227,72,159,76,90,9,253,175,39,73,181,180,117,106,130,1,82,45,207,32,236,93,45,183,173,191,107,163,162,10,246,55,155,50,126,77,102,170,117,202,95,181,106,44,216,212,253
00171 features=698 size=19 p=5 tap=37 reset=true scheme=3 ops=1,1,1,2,3,1,0,1,2,3,0,3,0,3,2,3,1,2,2,0,3,2,1,1,3,1,1,3,3,0,1,3,1,3,0,1,3,2,3,2,2,2,0,3,2,1,3,0,0,0,0,0,0,3,1,3,1,0,1,3,2,2,2,1 ks=111,0,0,226,0,0,0,0,236,0,0,149,171,0,0,0,0,0,142,0,0,136,0,0,0,0,0,60,0,0,0,48,0,116,0,212,0,127,0,0,0,0,0,2,126,0,0,0,0,0,171,0,204,0,0,0,0,0,120,0,0,73,193,0
00172 features=803 size=26 p=1 tap=56 reset=true scheme=3 ops=1,0,3,0,0,0,0,2,3,0,2,3,2,1,1,0,0,0,1,2,0,0,1,1,0,1,1,1,3,2,3,2,2,0,1,1,1,3,0,0,0,2,0,1,2,3,1,2,3,0,0,1,0,0,2,3,3,1,1,2,0,3,1,0 ks=0,75,0,0,0,0,0,0,52,0,0,0,0,0,0,244,0,219,220,173,126,219,0,0,0,214,230,123,215,91,51,129,46,0,200,0,0,0,0,31,0,0,170,162,215,0,0,0,0,0,125,0,0,160,0,102,0,0,0,0,0,141,162,0
00173 features=746 size=22 p=1 tap=57 reset=true scheme=3 ops=1,2,2,2,3,3,3,2,0,3,0,2,1,0,3,1,3,3,0,1,3,3,0,1,1,2,3,0,3,0,2,1,0,1,2,2,2,1,0,2,2,3,1,0,2,1,2,3,2,1,3,3,1,2,1,2,3,3,3,2,3,2,3,1 ks=0,0,0,0,81,0,0,132,0,0,200,38,0,15,187,0,0,0,0,110,0,0,7,0,0,0,0,0,188,0,213,0,3,0,0,0,56,0,118,0,0,0,0,0,0,216,115,0,0,0,101,0,0,42,0,0,3,97,0,85,0,72,233,0
00174 features=770 size=21 p=10 tap=59 reset=true scheme=3 ops=1,2,2,2,2,1,2,2,0,1,3,1,1,0,2,2,1,1,3,0,2,0,0,1,0,0,0,1,1,3,3,1,0,3,3,3,2,3,2,3,2,3,2,0,3,2,3,2,3,2,1,1,1,3,3,0,3,1,3,1,2,1,2,3 ks=0,254,192,0,65,0,0,238,0,0,0,0,32,0,0,0,0,0,0,0,0,0,0,125,98,57,0,0,189,145,83,0,0,0,68,111,0,0,0,150,0,0,55,0,30,0,0,0,0,165,0,0,0,0,0,0,253,0,0,146,0,0,7,165
