309 1065
496 1164
631 1198
725 1210
820 1231
925 1295
1007 1324
1065 1329
1123 1335
1192 1349
1271 1375
1324 1391
1400 1413
1460 1418
1524 1425
1583 1438
1651 1444
1753 1475
1802 1479
1872 1497
1953 1517
2026 1527
2074 1531
2135 1541
2203 1549
2260 1556
2335 1573
2419 1583
2492 1595
2531 1597
2594 1626
2657 1630
2700 1631
2766 1636
2823 1641
2870 1660
2930 1677
2974 1681
3052 1704
3127 1708
3184 1710
3235 1714
3280 1717
3317 1718
3349 1718
3394 1720
3444 1725
3515 1733
3557 1736
3589 1736
3659 1747
3702 1749
3773 1757
3825 1762
3889 1774
3940 1778
4014 1788
4078 1801
4124 1802
4173 1806
4249 1812
4324 1820
4395 1827
4477 1845
4531 1851
4578 1857
4680 1868
4746 1871
4823 1888
4886 1896
4950 1903
5015 1916
5079 1922
5111 1922
5150 1924
5238 1941
5303 1947
5361 1951
5419 1957
5470 1960
5522 1963
5606 1971
5650 1978
5693 1983
5768 1996
5815 2000
5873 2003
5920 2007
5952 2007
5984 2007
6055 2012
6114 2018
6186 2029
6218 2029
6288 2034
6367 2050
6430 2055
6520 2068
6552 2068
6611 2079
6656 2080
6697 2087
6746 2093
6818 2100
6889 2108
6965 2127
7024 2137
7071 2145
7112 2146
7160 2155
7228 2162
7296 2180
7356 2189
7439 2197
7482 2200
7549 2210
7605 2215
7697 2233
7761 2242
7841 2250
7911 2272
7962 2275
8047 2284
8107 2290
8201 2311
8288 2322
8354 2336
8414 2344
8462 2348
8565 2363
8624 2367
8656 2367
8700 2370
8761 2381
8846 2399
8914 2413
8955 2416
9042 2440
9101 2443
9133 2443
9190 2448
9246 2457
9325 2467
9386 2470
9444 2482
9501 2487
9576 2494
9666 2503
9708 2509
9783 2516
9851 2525
9914 2536
9967 2539
9999 2539
10093 2544
10164 2556
10263 2564
10314 2571
10387 2583
10431 2587
10527 2602
10617 2615
10688 2624
10774 2633
10828 2638
10870 2641
10952 2652
11020 2658
11098 2670
11172 2676
11216 2677
11310 2688
11378 2698
11450 2706
11482 2706
11560 2717
11646 2727
11778 2745
11823 2755
11935 2767
11973 2769
12026 2773
12138 2781
12208 2786
12257 2793
12339 2801
12390 2805
12451 2816
12506 2823
12593 2833
12672 2843
12733 2851
12819 2863
12884 2871
12964 2877
13031 2881
13131 2894
13227 2909
13279 2913
13337 2916
13429 2926
13500 2934
13596 2950
13677 2956
13739 2961
13867 2978
13932 2985
13990 2990
14089 2996
14162 3002
14244 3010
14301 3013
14393 3026
14470 3032
14526 3041
14628 3053
14705 3061
14759 3068
14846 3083
14968 3103
15042 3110
15093 3114
15168 3121
15229 3127
15305 3130
15408 3150
15488 3162
15574 3170
15632 3173
15743 3187
15830 3192
15896 3210
16002 3220
16060 3228
16128 3237
16191 3240
16235 3241
16313 3246
16354 3247
16439 3253
16495 3256
16542 3258
16614 3265
16698 3286
16799 3298
16868 3306
16910 3308
17006 3332
17058 3335
17113 3337
17189 3343
17260 3348
17324 3351
17396 3369
17441 3376
17518 3385
17597 3392
17696 3399
17786 3404
17873 3412
17955 3424
18013 3428
18103 3438
18198 3446
18261 3451
18329 3462
18411 3470
18466 3472
18524 3476
18582 3479
18622 3480
18700 3491
18792 3500
18864 3503
18918 3505
19016 3518
19048 3518
19102 3523
19184 3533
19226 3536
19333 3545
19434 3553
19492 3562
19563 3572
19604 3573
19648 3575
19737 3580
19805 3587
19885 3596
19983 3604
20044 3607
