-8 0 1023 0
-8 1 511 -2
-8 2 510 -4
-8 3 1022 -2
-8 4 508 -6
-8 5 1020 -4
-8 6 1021 -2
-8 7 509 -4
-8 8 504 -8
-8 9 1016 -6
-8 10 1017 -4
-8 11 505 -6
-8 12 1019 -2
-8 13 507 -4
-8 14 506 -6
-8 15 175 -4
-8 16 496 -8
-8 17 271 -8
-8 18 1009 -6
-8 19 497 -8
-8 20 1011 -4
-8 21 499 -6
-8 22 498 -8
-8 23 167 -6
-8 24 1015 -2
-8 25 503 -4
-8 26 502 -6
-8 27 604 -8
-8 28 500 -8
-8 29 1012 -6
-8 30 607 -2
-8 31 95 -4
-8 32 799 -6
-8 33 287 -8
-8 34 286 -8
-8 35 481 -8
-8 36 995 -6
-8 37 483 -8
-8 38 482 -8
-8 39 183 -4
-8 40 999 -4
-8 41 487 -6
-8 42 486 -8
-8 43 179 -6
-8 44 484 -8
-8 45 283 -8
-8 46 591 -4
-8 47 79 -6
-8 48 1007 -2
-8 49 495 -4
-8 50 494 -6
-8 51 187 -4
-8 52 492 -8
-8 53 1004 -6
-8 54 583 -8
-8 55 696 -8
-8 56 488 -8
-8 57 279 -8
-8 58 188 -6
-8 59 700 -4
-8 60 1003 -4
-8 61 702 -2
-8 62 703 0
-8 63 191 -2
-8 64 831 -4
-8 65 319 -6
-8 66 318 -8
-8 67 830 -6
-8 68 316 -8
-8 69 451 -8
-8 70 829 -6
-8 71 151 -6
-8 72 967 -6
-8 73 455 -8
-8 74 454 -8
-8 75 620 -8
-8 76 827 -6
-8 77 315 -8
-8 78 623 -2
-8 79 111 -4
-8 80 975 -4
-8 81 463 -6
-8 82 462 -8
-8 83 155 -6
-8 84 460 -8
-8 85 307 -8
-8 86 615 -4
-8 87 103 -6
-8 88 823 -6
-8 89 311 -8
-8 90 611 -8
-8 91 668 -8
-8 92 971 -6
-8 93 670 -4
-8 94 671 -2
-8 95 159 -4
-8 96 991 -2
-8 97 479 -4
-8 98 478 -6
-8 99 628 -8
-8 100 476 -8
-8 101 988 -6
-8 102 631 -2
-8 103 119 -4
-8 104 472 -8
-8 105 295 -8
-8 106 627 -4
-8 107 115 -6
-8 108 987 -4
-8 109 654 -8
-8 110 655 -4
-8 111 143 -6
-8 112 815 -6
-8 113 303 -8
-8 114 635 -2
-8 115 123 -4
-8 116 979 -6
-8 117 121 -6
-8 118 647 -8
-8 119 632 -8
-8 120 983 -4
-8 121 125 -4
-8 122 124 -6
-8 123 636 -4
-8 124 126 -4
-8 125 638 -2
-8 126 639 0
-8 127 127 -2
-8 128 895 -2
-8 129 383 -4
-8 130 382 -6
-8 131 894 -4
-8 132 380 -8
-8 133 892 -6
-8 134 893 -4
-8 135 215 -4
-8 136 376 -8
-8 137 391 -8
-8 138 889 -6
-8 139 211 -6
-8 140 891 -4
-8 141 379 -6
-8 142 559 -4
-8 143 47 -6
-8 144 911 -6
-8 145 399 -8
-8 146 398 -8
-8 147 219 -4
-8 148 883 -6
-8 149 371 -8
-8 150 551 -8
-8 151 728 -8
-8 152 887 -4
-8 153 375 -6
-8 154 220 -6
-8 155 732 -4
-8 156 372 -8
-8 157 734 -2
-8 158 735 0
-8 159 223 -2
-8 160 927 -4
-8 161 415 -6
-8 162 414 -8
-8 163 203 -6
-8 164 412 -8
-8 165 355 -8
-8 166 567 -4
-8 167 55 -6
-8 168 871 -6
-8 169 359 -8
-8 170 563 -8
-8 171 716 -8
-8 172 923 -6
-8 173 718 -4
-8 174 719 -2
-8 175 207 -4
-8 176 879 -4
-8 177 367 -6
-8 178 571 -4
-8 179 59 -6
-8 180 364 -8
-8 181 710 -8
-8 182 711 -4
-8 183 199 -6
-8 184 919 -6
-8 185 61 -6
-8 186 707 -8
-8 187 572 -8
-8 188 62 -6
-8 189 574 -4
-8 190 575 -2
-8 191 63 -4
-8 192 959 -2
-8 193 447 -4
-8 194 446 -6
-8 195 235 -4
-8 196 444 -8
-8 197 956 -6
-8 198 535 -8
-8 199 744 -8
-8 200 440 -8
-8 201 327 -8
-8 202 236 -6
-8 203 748 -4
-8 204 955 -4
-8 205 750 -2
-8 206 751 0
-8 207 239 -2
-8 208 847 -6
-8 209 335 -8
-8 210 539 -8
-8 211 740 -8
-8 212 947 -6
-8 213 742 -4
-8 214 743 -2
-8 215 231 -4
-8 216 951 -4
-8 217 738 -8
-8 218 739 -4
-8 219 227 -6
-8 220 737 -8
-8 221 542 -8
-8 222 543 -4
-8 223 31 -6
-8 224 863 -4
-8 225 351 -6
-8 226 244 -6
-8 227 756 -4
-8 228 348 -8
-8 229 758 -2
-8 230 759 0
-8 231 247 -2
-8 232 935 -6
-8 233 754 -4
-8 234 755 -2
-8 235 243 -4
-8 236 753 -4
-8 237 241 -6
-8 238 527 -8
-8 239 752 -8
-8 240 943 -4
-8 241 762 -2
-8 242 763 0
-8 243 251 -2
-8 244 761 -2
-8 245 249 -4
-8 246 248 -6
-8 247 760 -4
-8 248 765 0
-8 249 253 -2
-8 250 252 -4
-8 251 764 -2
-8 252 254 -2
-8 253 766 0
-8 254 767 2
-8 255 255 0
-7 0 1023 1
-7 1 511 -1
-7 2 510 -3
-7 3 1022 -1
-7 4 508 -5
-7 5 1020 -3
-7 6 1021 -1
-7 7 509 -3
-7 8 504 -7
-7 9 1016 -5
-7 10 1017 -3
-7 11 505 -5
-7 12 1019 -1
-7 13 507 -3
-7 14 506 -5
-7 15 175 -3
-7 16 496 -7
-7 17 271 -7
-7 18 1009 -5
-7 19 497 -7
-7 20 1011 -3
-7 21 499 -5
-7 22 498 -7
-7 23 167 -5
-7 24 1015 -1
-7 25 503 -3
-7 26 502 -5
-7 27 604 -7
-7 28 500 -7
-7 29 1012 -5
-7 30 607 -1
-7 31 95 -3
-7 32 799 -5
-7 33 287 -7
-7 34 286 -7
-7 35 481 -7
-7 36 995 -5
-7 37 483 -7
-7 38 482 -7
-7 39 183 -3
-7 40 999 -3
-7 41 487 -5
-7 42 486 -7
-7 43 179 -5
-7 44 484 -7
-7 45 283 -7
-7 46 591 -3
-7 47 79 -5
-7 48 1007 -1
-7 49 495 -3
-7 50 494 -5
-7 51 187 -3
-7 52 492 -7
-7 53 1004 -5
-7 54 583 -7
-7 55 696 -7
-7 56 488 -7
-7 57 279 -7
-7 58 188 -5
-7 59 700 -3
-7 60 1003 -3
-7 61 702 -1
-7 62 703 1
-7 63 191 -1
-7 64 831 -3
-7 65 319 -5
-7 66 318 -7
-7 67 830 -5
-7 68 316 -7
-7 69 451 -7
-7 70 829 -5
-7 71 151 -5
-7 72 967 -5
-7 73 455 -7
-7 74 454 -7
-7 75 620 -7
-7 76 827 -5
-7 77 315 -7
-7 78 623 -1
-7 79 111 -3
-7 80 975 -3
-7 81 463 -5
-7 82 462 -7
-7 83 155 -5
-7 84 460 -7
-7 85 307 -7
-7 86 615 -3
-7 87 103 -5
-7 88 823 -5
-7 89 311 -7
-7 90 611 -7
-7 91 668 -7
-7 92 971 -5
-7 93 670 -3
-7 94 671 -1
-7 95 159 -3
-7 96 991 -1
-7 97 479 -3
-7 98 478 -5
-7 99 628 -7
-7 100 476 -7
-7 101 988 -5
-7 102 631 -1
-7 103 119 -3
-7 104 472 -7
-7 105 295 -7
-7 106 627 -3
-7 107 115 -5
-7 108 987 -3
-7 109 654 -7
-7 110 655 -3
-7 111 143 -5
-7 112 815 -5
-7 113 303 -7
-7 114 635 -1
-7 115 123 -3
-7 116 979 -5
-7 117 121 -5
-7 118 647 -7
-7 119 632 -7
-7 120 983 -3
-7 121 125 -3
-7 122 124 -5
-7 123 636 -3
-7 124 126 -3
-7 125 638 -1
-7 126 639 1
-7 127 127 -1
-7 128 895 -1
-7 129 383 -3
-7 130 382 -5
-7 131 894 -3
-7 132 380 -7
-7 133 892 -5
-7 134 893 -3
-7 135 215 -3
-7 136 376 -7
-7 137 391 -7
-7 138 889 -5
-7 139 211 -5
-7 140 891 -3
-7 141 379 -5
-7 142 559 -3
-7 143 47 -5
-7 144 911 -5
-7 145 399 -7
-7 146 398 -7
-7 147 219 -3
-7 148 883 -5
-7 149 371 -7
-7 150 551 -7
-7 151 728 -7
-7 152 887 -3
-7 153 375 -5
-7 154 220 -5
-7 155 732 -3
-7 156 372 -7
-7 157 734 -1
-7 158 735 1
-7 159 223 -1
-7 160 927 -3
-7 161 415 -5
-7 162 414 -7
-7 163 203 -5
-7 164 412 -7
-7 165 355 -7
-7 166 567 -3
-7 167 55 -5
-7 168 871 -5
-7 169 359 -7
-7 170 563 -7
-7 171 716 -7
-7 172 923 -5
-7 173 718 -3
-7 174 719 -1
-7 175 207 -3
-7 176 879 -3
-7 177 367 -5
-7 178 571 -3
-7 179 59 -5
-7 180 364 -7
-7 181 710 -7
-7 182 711 -3
-7 183 199 -5
-7 184 919 -5
-7 185 61 -5
-7 186 707 -7
-7 187 572 -7
-7 188 62 -5
-7 189 574 -3
-7 190 575 -1
-7 191 63 -3
-7 192 959 -1
-7 193 447 -3
-7 194 446 -5
-7 195 235 -3
-7 196 444 -7
-7 197 956 -5
-7 198 535 -7
-7 199 744 -7
-7 200 440 -7
-7 201 327 -7
-7 202 236 -5
-7 203 748 -3
-7 204 955 -3
-7 205 750 -1
-7 206 751 1
-7 207 239 -1
-7 208 847 -5
-7 209 335 -7
-7 210 539 -7
-7 211 740 -7
-7 212 947 -5
-7 213 742 -3
-7 214 743 -1
-7 215 231 -3
-7 216 951 -3
-7 217 738 -7
-7 218 739 -3
-7 219 227 -5
-7 220 737 -7
-7 221 542 -7
-7 222 543 -3
-7 223 31 -5
-7 224 863 -3
-7 225 351 -5
-7 226 244 -5
-7 227 756 -3
-7 228 348 -7
-7 229 758 -1
-7 230 759 1
-7 231 247 -1
-7 232 935 -5
-7 233 754 -3
-7 234 755 -1
-7 235 243 -3
-7 236 753 -3
-7 237 241 -5
-7 238 527 -7
-7 239 752 -7
-7 240 943 -3
-7 241 762 -1
-7 242 763 1
-7 243 251 -1
-7 244 761 -1
-7 245 249 -3
-7 246 248 -5
-7 247 760 -3
-7 248 765 1
-7 249 253 -1
-7 250 252 -3
-7 251 764 -1
-7 252 254 -1
-7 253 766 1
-7 254 767 3
-7 255 255 1
-6 0 1023 2
-6 1 511 0
-6 2 510 -2
-6 3 1022 0
-6 4 508 -4
-6 5 1020 -2
-6 6 1021 0
-6 7 509 -2
-6 8 504 -6
-6 9 1016 -4
-6 10 1017 -2
-6 11 505 -4
-6 12 1019 0
-6 13 507 -2
-6 14 506 -4
-6 15 175 -2
-6 16 496 -6
-6 17 271 -6
-6 18 1009 -4
-6 19 497 -6
-6 20 1011 -2
-6 21 499 -4
-6 22 498 -6
-6 23 167 -4
-6 24 1015 0
-6 25 503 -2
-6 26 502 -4
-6 27 604 -6
-6 28 500 -6
-6 29 1012 -4
-6 30 607 0
-6 31 95 -2
-6 32 799 -4
-6 33 287 -6
-6 34 286 -6
-6 35 481 -6
-6 36 995 -4
-6 37 483 -6
-6 38 482 -6
-6 39 183 -2
-6 40 999 -2
-6 41 487 -4
-6 42 486 -6
-6 43 179 -4
-6 44 484 -6
-6 45 283 -6
-6 46 591 -2
-6 47 79 -4
-6 48 1007 0
-6 49 495 -2
-6 50 494 -4
-6 51 187 -2
-6 52 492 -6
-6 53 1004 -4
-6 54 583 -6
-6 55 696 -6
-6 56 488 -6
-6 57 279 -6
-6 58 188 -4
-6 59 700 -2
-6 60 1003 -2
-6 61 702 0
-6 62 703 2
-6 63 191 0
-6 64 831 -2
-6 65 319 -4
-6 66 318 -6
-6 67 830 -4
-6 68 316 -6
-6 69 451 -6
-6 70 829 -4
-6 71 151 -4
-6 72 967 -4
-6 73 455 -6
-6 74 454 -6
-6 75 620 -6
-6 76 827 -4
-6 77 315 -6
-6 78 623 0
-6 79 111 -2
-6 80 975 -2
-6 81 463 -4
-6 82 462 -6
-6 83 155 -4
-6 84 460 -6
-6 85 307 -6
-6 86 615 -2
-6 87 103 -4
-6 88 823 -4
-6 89 311 -6
-6 90 611 -6
-6 91 668 -6
-6 92 971 -4
-6 93 670 -2
-6 94 671 0
-6 95 159 -2
-6 96 991 0
-6 97 479 -2
-6 98 478 -4
-6 99 628 -6
-6 100 476 -6
-6 101 988 -4
-6 102 631 0
-6 103 119 -2
-6 104 472 -6
-6 105 295 -6
-6 106 627 -2
-6 107 115 -4
-6 108 987 -2
-6 109 654 -6
-6 110 655 -2
-6 111 143 -4
-6 112 815 -4
-6 113 303 -6
-6 114 635 0
-6 115 123 -2
-6 116 979 -4
-6 117 121 -4
-6 118 647 -6
-6 119 632 -6
-6 120 983 -2
-6 121 125 -2
-6 122 124 -4
-6 123 636 -2
-6 124 126 -2
-6 125 638 0
-6 126 639 2
-6 127 127 0
-6 128 895 0
-6 129 383 -2
-6 130 382 -4
-6 131 894 -2
-6 132 380 -6
-6 133 892 -4
-6 134 893 -2
-6 135 215 -2
-6 136 376 -6
-6 137 391 -6
-6 138 889 -4
-6 139 211 -4
-6 140 891 -2
-6 141 379 -4
-6 142 559 -2
-6 143 47 -4
-6 144 911 -4
-6 145 399 -6
-6 146 398 -6
-6 147 219 -2
-6 148 883 -4
-6 149 371 -6
-6 150 551 -6
-6 151 728 -6
-6 152 887 -2
-6 153 375 -4
-6 154 220 -4
-6 155 732 -2
-6 156 372 -6
-6 157 734 0
-6 158 735 2
-6 159 223 0
-6 160 927 -2
-6 161 415 -4
-6 162 414 -6
-6 163 203 -4
-6 164 412 -6
-6 165 355 -6
-6 166 567 -2
-6 167 55 -4
-6 168 871 -4
-6 169 359 -6
-6 170 563 -6
-6 171 716 -6
-6 172 923 -4
-6 173 718 -2
-6 174 719 0
-6 175 207 -2
-6 176 879 -2
-6 177 367 -4
-6 178 571 -2
-6 179 59 -4
-6 180 364 -6
-6 181 710 -6
-6 182 711 -2
-6 183 199 -4
-6 184 919 -4
-6 185 61 -4
-6 186 707 -6
-6 187 572 -6
-6 188 62 -4
-6 189 574 -2
-6 190 575 0
-6 191 63 -2
-6 192 959 0
-6 193 447 -2
-6 194 446 -4
-6 195 235 -2
-6 196 444 -6
-6 197 956 -4
-6 198 535 -6
-6 199 744 -6
-6 200 440 -6
-6 201 327 -6
-6 202 236 -4
-6 203 748 -2
-6 204 955 -2
-6 205 750 0
-6 206 751 2
-6 207 239 0
-6 208 847 -4
-6 209 335 -6
-6 210 539 -6
-6 211 740 -6
-6 212 947 -4
-6 213 742 -2
-6 214 743 0
-6 215 231 -2
-6 216 951 -2
-6 217 738 -6
-6 218 739 -2
-6 219 227 -4
-6 220 737 -6
-6 221 542 -6
-6 222 543 -2
-6 223 31 -4
-6 224 863 -2
-6 225 351 -4
-6 226 244 -4
-6 227 756 -2
-6 228 348 -6
-6 229 758 0
-6 230 759 2
-6 231 247 0
-6 232 935 -4
-6 233 754 -2
-6 234 755 0
-6 235 243 -2
-6 236 753 -2
-6 237 241 -4
-6 238 527 -6
-6 239 752 -6
-6 240 943 -2
-6 241 762 0
-6 242 763 2
-6 243 251 0
-6 244 761 0
-6 245 249 -2
-6 246 248 -4
-6 247 760 -2
-6 248 765 2
-6 249 253 0
-6 250 252 -2
-6 251 764 0
-6 252 254 0
-6 253 766 2
-6 254 767 4
-6 255 255 2
-5 0 1023 3
-5 1 511 1
-5 2 510 -1
-5 3 1022 1
-5 4 508 -3
-5 5 1020 -1
-5 6 1021 1
-5 7 509 -1
-5 8 504 -5
-5 9 1016 -3
-5 10 1017 -1
-5 11 505 -3
-5 12 1019 1
-5 13 507 -1
-5 14 506 -3
-5 15 175 -1
-5 16 496 -5
-5 17 271 -5
-5 18 1009 -3
-5 19 497 -5
-5 20 1011 -1
-5 21 499 -3
-5 22 498 -5
-5 23 167 -3
-5 24 1015 1
-5 25 503 -1
-5 26 502 -3
-5 27 604 -5
-5 28 500 -5
-5 29 1012 -3
-5 30 607 1
-5 31 95 -1
-5 32 799 -3
-5 33 287 -5
-5 34 286 -5
-5 35 481 -5
-5 36 995 -3
-5 37 483 -5
-5 38 482 -5
-5 39 183 -1
-5 40 999 -1
-5 41 487 -3
-5 42 486 -5
-5 43 179 -3
-5 44 484 -5
-5 45 283 -5
-5 46 591 -1
-5 47 79 -3
-5 48 1007 1
-5 49 495 -1
-5 50 494 -3
-5 51 187 -1
-5 52 492 -5
-5 53 1004 -3
-5 54 583 -5
-5 55 696 -5
-5 56 488 -5
-5 57 279 -5
-5 58 188 -3
-5 59 700 -1
-5 60 1003 -1
-5 61 702 1
-5 62 703 3
-5 63 191 1
-5 64 831 -1
-5 65 319 -3
-5 66 318 -5
-5 67 830 -3
-5 68 316 -5
-5 69 451 -5
-5 70 829 -3
-5 71 151 -3
-5 72 967 -3
-5 73 455 -5
-5 74 454 -5
-5 75 620 -5
-5 76 827 -3
-5 77 315 -5
-5 78 623 1
-5 79 111 -1
-5 80 975 -1
-5 81 463 -3
-5 82 462 -5
-5 83 155 -3
-5 84 460 -5
-5 85 307 -5
-5 86 615 -1
-5 87 103 -3
-5 88 823 -3
-5 89 311 -5
-5 90 611 -5
-5 91 668 -5
-5 92 971 -3
-5 93 670 -1
-5 94 671 1
-5 95 159 -1
-5 96 991 1
-5 97 479 -1
-5 98 478 -3
-5 99 628 -5
-5 100 476 -5
-5 101 988 -3
-5 102 631 1
-5 103 119 -1
-5 104 472 -5
-5 105 295 -5
-5 106 627 -1
-5 107 115 -3
-5 108 987 -1
-5 109 654 -5
-5 110 655 -1
-5 111 143 -3
-5 112 815 -3
-5 113 303 -5
-5 114 635 1
-5 115 123 -1
-5 116 979 -3
-5 117 121 -3
-5 118 647 -5
-5 119 632 -5
-5 120 983 -1
-5 121 125 -1
-5 122 124 -3
-5 123 636 -1
-5 124 126 -1
-5 125 638 1
-5 126 639 3
-5 127 127 1
-5 128 895 1
-5 129 383 -1
-5 130 382 -3
-5 131 894 -1
-5 132 380 -5
-5 133 892 -3
-5 134 893 -1
-5 135 215 -1
-5 136 376 -5
-5 137 391 -5
-5 138 889 -3
-5 139 211 -3
-5 140 891 -1
-5 141 379 -3
-5 142 559 -1
-5 143 47 -3
-5 144 911 -3
-5 145 399 -5
-5 146 398 -5
-5 147 219 -1
-5 148 883 -3
-5 149 371 -5
-5 150 551 -5
-5 151 728 -5
-5 152 887 -1
-5 153 375 -3
-5 154 220 -3
-5 155 732 -1
-5 156 372 -5
-5 157 734 1
-5 158 735 3
-5 159 223 1
-5 160 927 -1
-5 161 415 -3
-5 162 414 -5
-5 163 203 -3
-5 164 412 -5
-5 165 355 -5
-5 166 567 -1
-5 167 55 -3
-5 168 871 -3
-5 169 359 -5
-5 170 563 -5
-5 171 716 -5
-5 172 923 -3
-5 173 718 -1
-5 174 719 1
-5 175 207 -1
-5 176 879 -1
-5 177 367 -3
-5 178 571 -1
-5 179 59 -3
-5 180 364 -5
-5 181 710 -5
-5 182 711 -1
-5 183 199 -3
-5 184 919 -3
-5 185 61 -3
-5 186 707 -5
-5 187 572 -5
-5 188 62 -3
-5 189 574 -1
-5 190 575 1
-5 191 63 -1
-5 192 959 1
-5 193 447 -1
-5 194 446 -3
-5 195 235 -1
-5 196 444 -5
-5 197 956 -3
-5 198 535 -5
-5 199 744 -5
-5 200 440 -5
-5 201 327 -5
-5 202 236 -3
-5 203 748 -1
-5 204 955 -1
-5 205 750 1
-5 206 751 3
-5 207 239 1
-5 208 847 -3
-5 209 335 -5
-5 210 539 -5
-5 211 740 -5
-5 212 947 -3
-5 213 742 -1
-5 214 743 1
-5 215 231 -1
-5 216 951 -1
-5 217 738 -5
-5 218 739 -1
-5 219 227 -3
-5 220 737 -5
-5 221 542 -5
-5 222 543 -1
-5 223 31 -3
-5 224 863 -1
-5 225 351 -3
-5 226 244 -3
-5 227 756 -1
-5 228 348 -5
-5 229 758 1
-5 230 759 3
-5 231 247 1
-5 232 935 -3
-5 233 754 -1
-5 234 755 1
-5 235 243 -1
-5 236 753 -1
-5 237 241 -3
-5 238 527 -5
-5 239 752 -5
-5 240 943 -1
-5 241 762 1
-5 242 763 3
-5 243 251 1
-5 244 761 1
-5 245 249 -1
-5 246 248 -3
-5 247 760 -1
-5 248 765 3
-5 249 253 1
-5 250 252 -1
-5 251 764 1
-5 252 254 1
-5 253 766 3
-5 254 767 5
-5 255 255 3
-4 0 1023 4
-4 1 511 2
-4 2 510 0
-4 3 1022 2
-4 4 508 -2
-4 5 1020 0
-4 6 1021 2
-4 7 509 0
-4 8 504 -4
-4 9 1016 -2
-4 10 1017 0
-4 11 505 -2
-4 12 1019 2
-4 13 507 0
-4 14 506 -2
-4 15 175 0
-4 16 496 -4
-4 17 271 -4
-4 18 1009 -2
-4 19 497 -4
-4 20 1011 0
-4 21 499 -2
-4 22 498 -4
-4 23 167 -2
-4 24 1015 2
-4 25 503 0
-4 26 502 -2
-4 27 604 -4
-4 28 500 -4
-4 29 1012 -2
-4 30 607 2
-4 31 95 0
-4 32 799 -2
-4 33 287 -4
-4 34 286 -4
-4 35 481 -4
-4 36 995 -2
-4 37 483 -4
-4 38 482 -4
-4 39 183 0
-4 40 999 0
-4 41 487 -2
-4 42 486 -4
-4 43 179 -2
-4 44 484 -4
-4 45 283 -4
-4 46 591 0
-4 47 79 -2
-4 48 1007 2
-4 49 495 0
-4 50 494 -2
-4 51 187 0
-4 52 492 -4
-4 53 1004 -2
-4 54 583 -4
-4 55 696 -4
-4 56 488 -4
-4 57 279 -4
-4 58 188 -2
-4 59 700 0
-4 60 1003 0
-4 61 702 2
-4 62 703 4
-4 63 191 2
-4 64 831 0
-4 65 319 -2
-4 66 318 -4
-4 67 830 -2
-4 68 316 -4
-4 69 451 -4
-4 70 829 -2
-4 71 151 -2
-4 72 967 -2
-4 73 455 -4
-4 74 454 -4
-4 75 620 -4
-4 76 827 -2
-4 77 315 -4
-4 78 623 2
-4 79 111 0
-4 80 975 0
-4 81 463 -2
-4 82 462 -4
-4 83 155 -2
-4 84 460 -4
-4 85 307 -4
-4 86 615 0
-4 87 103 -2
-4 88 823 -2
-4 89 311 -4
-4 90 611 -4
-4 91 668 -4
-4 92 971 -2
-4 93 670 0
-4 94 671 2
-4 95 159 0
-4 96 991 2
-4 97 479 0
-4 98 478 -2
-4 99 628 -4
-4 100 476 -4
-4 101 988 -2
-4 102 631 2
-4 103 119 0
-4 104 472 -4
-4 105 295 -4
-4 106 627 0
-4 107 115 -2
-4 108 987 0
-4 109 654 -4
-4 110 655 0
-4 111 143 -2
-4 112 815 -2
-4 113 303 -4
-4 114 635 2
-4 115 123 0
-4 116 979 -2
-4 117 121 -2
-4 118 647 -4
-4 119 632 -4
-4 120 983 0
-4 121 125 0
-4 122 124 -2
-4 123 636 0
-4 124 126 0
-4 125 638 2
-4 126 639 4
-4 127 127 2
-4 128 895 2
-4 129 383 0
-4 130 382 -2
-4 131 894 0
-4 132 380 -4
-4 133 892 -2
-4 134 893 0
-4 135 215 0
-4 136 376 -4
-4 137 391 -4
-4 138 889 -2
-4 139 211 -2
-4 140 891 0
-4 141 379 -2
-4 142 559 0
-4 143 47 -2
-4 144 911 -2
-4 145 399 -4
-4 146 398 -4
-4 147 219 0
-4 148 883 -2
-4 149 371 -4
-4 150 551 -4
-4 151 728 -4
-4 152 887 0
-4 153 375 -2
-4 154 220 -2
-4 155 732 0
-4 156 372 -4
-4 157 734 2
-4 158 735 4
-4 159 223 2
-4 160 927 0
-4 161 415 -2
-4 162 414 -4
-4 163 203 -2
-4 164 412 -4
-4 165 355 -4
-4 166 567 0
-4 167 55 -2
-4 168 871 -2
-4 169 359 -4
-4 170 563 -4
-4 171 716 -4
-4 172 923 -2
-4 173 718 0
-4 174 719 2
-4 175 207 0
-4 176 879 0
-4 177 367 -2
-4 178 571 0
-4 179 59 -2
-4 180 364 -4
-4 181 710 -4
-4 182 711 0
-4 183 199 -2
-4 184 919 -2
-4 185 61 -2
-4 186 707 -4
-4 187 572 -4
-4 188 62 -2
-4 189 574 0
-4 190 575 2
-4 191 63 0
-4 192 959 2
-4 193 447 0
-4 194 446 -2
-4 195 235 0
-4 196 444 -4
-4 197 956 -2
-4 198 535 -4
-4 199 744 -4
-4 200 440 -4
-4 201 327 -4
-4 202 236 -2
-4 203 748 0
-4 204 955 0
-4 205 750 2
-4 206 751 4
-4 207 239 2
-4 208 847 -2
-4 209 335 -4
-4 210 539 -4
-4 211 740 -4
-4 212 947 -2
-4 213 742 0
-4 214 743 2
-4 215 231 0
-4 216 951 0
-4 217 738 -4
-4 218 739 0
-4 219 227 -2
-4 220 737 -4
-4 221 542 -4
-4 222 543 0
-4 223 31 -2
-4 224 863 0
-4 225 351 -2
-4 226 244 -2
-4 227 756 0
-4 228 348 -4
-4 229 758 2
-4 230 759 4
-4 231 247 2
-4 232 935 -2
-4 233 754 0
-4 234 755 2
-4 235 243 0
-4 236 753 0
-4 237 241 -2
-4 238 527 -4
-4 239 752 -4
-4 240 943 0
-4 241 762 2
-4 242 763 4
-4 243 251 2
-4 244 761 2
-4 245 249 0
-4 246 248 -2
-4 247 760 0
-4 248 765 4
-4 249 253 2
-4 250 252 0
-4 251 764 2
-4 252 254 2
-4 253 766 4
-4 254 767 6
-4 255 255 4
-3 0 1023 5
-3 1 511 3
-3 2 510 1
-3 3 1022 3
-3 4 508 -1
-3 5 1020 1
-3 6 1021 3
-3 7 509 1
-3 8 504 -3
-3 9 1016 -1
-3 10 1017 1
-3 11 505 -1
-3 12 1019 3
-3 13 507 1
-3 14 506 -1
-3 15 175 1
-3 16 496 -3
-3 17 271 -3
-3 18 1009 -1
-3 19 497 -3
-3 20 1011 1
-3 21 499 -1
-3 22 498 -3
-3 23 167 -1
-3 24 1015 3
-3 25 503 1
-3 26 502 -1
-3 27 604 -3
-3 28 500 -3
-3 29 1012 -1
-3 30 607 3
-3 31 95 1
-3 32 799 -1
-3 33 287 -3
-3 34 286 -3
-3 35 481 -3
-3 36 995 -1
-3 37 483 -3
-3 38 482 -3
-3 39 183 1
-3 40 999 1
-3 41 487 -1
-3 42 486 -3
-3 43 179 -1
-3 44 484 -3
-3 45 283 -3
-3 46 591 1
-3 47 79 -1
-3 48 1007 3
-3 49 495 1
-3 50 494 -1
-3 51 187 1
-3 52 492 -3
-3 53 1004 -1
-3 54 583 -3
-3 55 696 -3
-3 56 488 -3
-3 57 279 -3
-3 58 188 -1
-3 59 700 1
-3 60 1003 1
-3 61 702 3
-3 62 703 5
-3 63 191 3
-3 64 831 1
-3 65 319 -1
-3 66 318 -3
-3 67 830 -1
-3 68 316 -3
-3 69 451 -3
-3 70 829 -1
-3 71 151 -1
-3 72 967 -1
-3 73 455 -3
-3 74 454 -3
-3 75 620 -3
-3 76 827 -1
-3 77 315 -3
-3 78 623 3
-3 79 111 1
-3 80 975 1
-3 81 463 -1
-3 82 462 -3
-3 83 155 -1
-3 84 460 -3
-3 85 307 -3
-3 86 615 1
-3 87 103 -1
-3 88 823 -1
-3 89 311 -3
-3 90 611 -3
-3 91 668 -3
-3 92 971 -1
-3 93 670 1
-3 94 671 3
-3 95 159 1
-3 96 991 3
-3 97 479 1
-3 98 478 -1
-3 99 628 -3
-3 100 476 -3
-3 101 988 -1
-3 102 631 3
-3 103 119 1
-3 104 472 -3
-3 105 295 -3
-3 106 627 1
-3 107 115 -1
-3 108 987 1
-3 109 654 -3
-3 110 655 1
-3 111 143 -1
-3 112 815 -1
-3 113 303 -3
-3 114 635 3
-3 115 123 1
-3 116 979 -1
-3 117 121 -1
-3 118 647 -3
-3 119 632 -3
-3 120 983 1
-3 121 125 1
-3 122 124 -1
-3 123 636 1
-3 124 126 1
-3 125 638 3
-3 126 639 5
-3 127 127 3
-3 128 895 3
-3 129 383 1
-3 130 382 -1
-3 131 894 1
-3 132 380 -3
-3 133 892 -1
-3 134 893 1
-3 135 215 1
-3 136 376 -3
-3 137 391 -3
-3 138 889 -1
-3 139 211 -1
-3 140 891 1
-3 141 379 -1
-3 142 559 1
-3 143 47 -1
-3 144 911 -1
-3 145 399 -3
-3 146 398 -3
-3 147 219 1
-3 148 883 -1
-3 149 371 -3
-3 150 551 -3
-3 151 728 -3
-3 152 887 1
-3 153 375 -1
-3 154 220 -1
-3 155 732 1
-3 156 372 -3
-3 157 734 3
-3 158 735 5
-3 159 223 3
-3 160 927 1
-3 161 415 -1
-3 162 414 -3
-3 163 203 -1
-3 164 412 -3
-3 165 355 -3
-3 166 567 1
-3 167 55 -1
-3 168 871 -1
-3 169 359 -3
-3 170 563 -3
-3 171 716 -3
-3 172 923 -1
-3 173 718 1
-3 174 719 3
-3 175 207 1
-3 176 879 1
-3 177 367 -1
-3 178 571 1
-3 179 59 -1
-3 180 364 -3
-3 181 710 -3
-3 182 711 1
-3 183 199 -1
-3 184 919 -1
-3 185 61 -1
-3 186 707 -3
-3 187 572 -3
-3 188 62 -1
-3 189 574 1
-3 190 575 3
-3 191 63 1
-3 192 959 3
-3 193 447 1
-3 194 446 -1
-3 195 235 1
-3 196 444 -3
-3 197 956 -1
-3 198 535 -3
-3 199 744 -3
-3 200 440 -3
-3 201 327 -3
-3 202 236 -1
-3 203 748 1
-3 204 955 1
-3 205 750 3
-3 206 751 5
-3 207 239 3
-3 208 847 -1
-3 209 335 -3
-3 210 539 -3
-3 211 740 -3
-3 212 947 -1
-3 213 742 1
-3 214 743 3
-3 215 231 1
-3 216 951 1
-3 217 738 -3
-3 218 739 1
-3 219 227 -1
-3 220 737 -3
-3 221 542 -3
-3 222 543 1
-3 223 31 -1
-3 224 863 1
-3 225 351 -1
-3 226 244 -1
-3 227 756 1
-3 228 348 -3
-3 229 758 3
-3 230 759 5
-3 231 247 3
-3 232 935 -1
-3 233 754 1
-3 234 755 3
-3 235 243 1
-3 236 753 1
-3 237 241 -1
-3 238 527 -3
-3 239 752 -3
-3 240 943 1
-3 241 762 3
-3 242 763 5
-3 243 251 3
-3 244 761 3
-3 245 249 1
-3 246 248 -1
-3 247 760 1
-3 248 765 5
-3 249 253 3
-3 250 252 1
-3 251 764 3
-3 252 254 3
-3 253 766 5
-3 254 767 7
-3 255 255 5
-2 0 1023 6
-2 1 511 4
-2 2 510 2
-2 3 1022 4
-2 4 508 0
-2 5 1020 2
-2 6 1021 4
-2 7 509 2
-2 8 504 -2
-2 9 1016 0
-2 10 1017 2
-2 11 505 0
-2 12 1019 4
-2 13 507 2
-2 14 506 0
-2 15 175 2
-2 16 496 -2
-2 17 271 -2
-2 18 1009 0
-2 19 497 -2
-2 20 1011 2
-2 21 499 0
-2 22 498 -2
-2 23 167 0
-2 24 1015 4
-2 25 503 2
-2 26 502 0
-2 27 604 -2
-2 28 500 -2
-2 29 1012 0
-2 30 607 4
-2 31 95 2
-2 32 799 0
-2 33 287 -2
-2 34 286 -2
-2 35 481 -2
-2 36 995 0
-2 37 483 -2
-2 38 482 -2
-2 39 183 2
-2 40 999 2
-2 41 487 0
-2 42 486 -2
-2 43 179 0
-2 44 484 -2
-2 45 283 -2
-2 46 591 2
-2 47 79 0
-2 48 1007 4
-2 49 495 2
-2 50 494 0
-2 51 187 2
-2 52 492 -2
-2 53 1004 0
-2 54 583 -2
-2 55 696 -2
-2 56 488 -2
-2 57 279 -2
-2 58 188 0
-2 59 700 2
-2 60 1003 2
-2 61 702 4
-2 62 703 6
-2 63 191 4
-2 64 831 2
-2 65 319 0
-2 66 318 -2
-2 67 830 0
-2 68 316 -2
-2 69 451 -2
-2 70 829 0
-2 71 151 0
-2 72 967 0
-2 73 455 -2
-2 74 454 -2
-2 75 620 -2
-2 76 827 0
-2 77 315 -2
-2 78 623 4
-2 79 111 2
-2 80 975 2
-2 81 463 0
-2 82 462 -2
-2 83 155 0
-2 84 460 -2
-2 85 307 -2
-2 86 615 2
-2 87 103 0
-2 88 823 0
-2 89 311 -2
-2 90 611 -2
-2 91 668 -2
-2 92 971 0
-2 93 670 2
-2 94 671 4
-2 95 159 2
-2 96 991 4
-2 97 479 2
-2 98 478 0
-2 99 628 -2
-2 100 476 -2
-2 101 988 0
-2 102 631 4
-2 103 119 2
-2 104 472 -2
-2 105 295 -2
-2 106 627 2
-2 107 115 0
-2 108 987 2
-2 109 654 -2
-2 110 655 2
-2 111 143 0
-2 112 815 0
-2 113 303 -2
-2 114 635 4
-2 115 123 2
-2 116 979 0
-2 117 121 0
-2 118 647 -2
-2 119 632 -2
-2 120 983 2
-2 121 125 2
-2 122 124 0
-2 123 636 2
-2 124 126 2
-2 125 638 4
-2 126 639 6
-2 127 127 4
-2 128 895 4
-2 129 383 2
-2 130 382 0
-2 131 894 2
-2 132 380 -2
-2 133 892 0
-2 134 893 2
-2 135 215 2
-2 136 376 -2
-2 137 391 -2
-2 138 889 0
-2 139 211 0
-2 140 891 2
-2 141 379 0
-2 142 559 2
-2 143 47 0
-2 144 911 0
-2 145 399 -2
-2 146 398 -2
-2 147 219 2
-2 148 883 0
-2 149 371 -2
-2 150 551 -2
-2 151 728 -2
-2 152 887 2
-2 153 375 0
-2 154 220 0
-2 155 732 2
-2 156 372 -2
-2 157 734 4
-2 158 735 6
-2 159 223 4
-2 160 927 2
-2 161 415 0
-2 162 414 -2
-2 163 203 0
-2 164 412 -2
-2 165 355 -2
-2 166 567 2
-2 167 55 0
-2 168 871 0
-2 169 359 -2
-2 170 563 -2
-2 171 716 -2
-2 172 923 0
-2 173 718 2
-2 174 719 4
-2 175 207 2
-2 176 879 2
-2 177 367 0
-2 178 571 2
-2 179 59 0
-2 180 364 -2
-2 181 710 -2
-2 182 711 2
-2 183 199 0
-2 184 919 0
-2 185 61 0
-2 186 707 -2
-2 187 572 -2
-2 188 62 0
-2 189 574 2
-2 190 575 4
-2 191 63 2
-2 192 959 4
-2 193 447 2
-2 194 446 0
-2 195 235 2
-2 196 444 -2
-2 197 956 0
-2 198 535 -2
-2 199 744 -2
-2 200 440 -2
-2 201 327 -2
-2 202 236 0
-2 203 748 2
-2 204 955 2
-2 205 750 4
-2 206 751 6
-2 207 239 4
-2 208 847 0
-2 209 335 -2
-2 210 539 -2
-2 211 740 -2
-2 212 947 0
-2 213 742 2
-2 214 743 4
-2 215 231 2
-2 216 951 2
-2 217 738 -2
-2 218 739 2
-2 219 227 0
-2 220 737 -2
-2 221 542 -2
-2 222 543 2
-2 223 31 0
-2 224 863 2
-2 225 351 0
-2 226 244 0
-2 227 756 2
-2 228 348 -2
-2 229 758 4
-2 230 759 6
-2 231 247 4
-2 232 935 0
-2 233 754 2
-2 234 755 4
-2 235 243 2
-2 236 753 2
-2 237 241 0
-2 238 527 -2
-2 239 752 -2
-2 240 943 2
-2 241 762 4
-2 242 763 6
-2 243 251 4
-2 244 761 4
-2 245 249 2
-2 246 248 0
-2 247 760 2
-2 248 765 6
-2 249 253 4
-2 250 252 2
-2 251 764 4
-2 252 254 4
-2 253 766 6
-2 254 767 -8
-2 255 255 6
-1 0 1023 7
-1 1 511 5
-1 2 510 3
-1 3 1022 5
-1 4 508 1
-1 5 1020 3
-1 6 1021 5
-1 7 509 3
-1 8 504 -1
-1 9 1016 1
-1 10 1017 3
-1 11 505 1
-1 12 1019 5
-1 13 507 3
-1 14 506 1
-1 15 175 3
-1 16 496 -1
-1 17 271 -1
-1 18 1009 1
-1 19 497 -1
-1 20 1011 3
-1 21 499 1
-1 22 498 -1
-1 23 167 1
-1 24 1015 5
-1 25 503 3
-1 26 502 1
-1 27 604 -1
-1 28 500 -1
-1 29 1012 1
-1 30 607 5
-1 31 95 3
-1 32 799 1
-1 33 287 -1
-1 34 286 -1
-1 35 481 -1
-1 36 995 1
-1 37 483 -1
-1 38 482 -1
-1 39 183 3
-1 40 999 3
-1 41 487 1
-1 42 486 -1
-1 43 179 1
-1 44 484 -1
-1 45 283 -1
-1 46 591 3
-1 47 79 1
-1 48 1007 5
-1 49 495 3
-1 50 494 1
-1 51 187 3
-1 52 492 -1
-1 53 1004 1
-1 54 583 -1
-1 55 696 -1
-1 56 488 -1
-1 57 279 -1
-1 58 188 1
-1 59 700 3
-1 60 1003 3
-1 61 702 5
-1 62 703 7
-1 63 191 5
-1 64 831 3
-1 65 319 1
-1 66 318 -1
-1 67 830 1
-1 68 316 -1
-1 69 451 -1
-1 70 829 1
-1 71 151 1
-1 72 967 1
-1 73 455 -1
-1 74 454 -1
-1 75 620 -1
-1 76 827 1
-1 77 315 -1
-1 78 623 5
-1 79 111 3
-1 80 975 3
-1 81 463 1
-1 82 462 -1
-1 83 155 1
-1 84 460 -1
-1 85 307 -1
-1 86 615 3
-1 87 103 1
-1 88 823 1
-1 89 311 -1
-1 90 611 -1
-1 91 668 -1
-1 92 971 1
-1 93 670 3
-1 94 671 5
-1 95 159 3
-1 96 991 5
-1 97 479 3
-1 98 478 1
-1 99 628 -1
-1 100 476 -1
-1 101 988 1
-1 102 631 5
-1 103 119 3
-1 104 472 -1
-1 105 295 -1
-1 106 627 3
-1 107 115 1
-1 108 987 3
-1 109 654 -1
-1 110 655 3
-1 111 143 1
-1 112 815 1
-1 113 303 -1
-1 114 635 5
-1 115 123 3
-1 116 979 1
-1 117 121 1
-1 118 647 -1
-1 119 632 -1
-1 120 983 3
-1 121 125 3
-1 122 124 1
-1 123 636 3
-1 124 126 3
-1 125 638 5
-1 126 639 7
-1 127 127 5
-1 128 895 5
-1 129 383 3
-1 130 382 1
-1 131 894 3
-1 132 380 -1
-1 133 892 1
-1 134 893 3
-1 135 215 3
-1 136 376 -1
-1 137 391 -1
-1 138 889 1
-1 139 211 1
-1 140 891 3
-1 141 379 1
-1 142 559 3
-1 143 47 1
-1 144 911 1
-1 145 399 -1
-1 146 398 -1
-1 147 219 3
-1 148 883 1
-1 149 371 -1
-1 150 551 -1
-1 151 728 -1
-1 152 887 3
-1 153 375 1
-1 154 220 1
-1 155 732 3
-1 156 372 -1
-1 157 734 5
-1 158 735 7
-1 159 223 5
-1 160 927 3
-1 161 415 1
-1 162 414 -1
-1 163 203 1
-1 164 412 -1
-1 165 355 -1
-1 166 567 3
-1 167 55 1
-1 168 871 1
-1 169 359 -1
-1 170 563 -1
-1 171 716 -1
-1 172 923 1
-1 173 718 3
-1 174 719 5
-1 175 207 3
-1 176 879 3
-1 177 367 1
-1 178 571 3
-1 179 59 1
-1 180 364 -1
-1 181 710 -1
-1 182 711 3
-1 183 199 1
-1 184 919 1
-1 185 61 1
-1 186 707 -1
-1 187 572 -1
-1 188 62 1
-1 189 574 3
-1 190 575 5
-1 191 63 3
-1 192 959 5
-1 193 447 3
-1 194 446 1
-1 195 235 3
-1 196 444 -1
-1 197 956 1
-1 198 535 -1
-1 199 744 -1
-1 200 440 -1
-1 201 327 -1
-1 202 236 1
-1 203 748 3
-1 204 955 3
-1 205 750 5
-1 206 751 7
-1 207 239 5
-1 208 847 1
-1 209 335 -1
-1 210 539 -1
-1 211 740 -1
-1 212 947 1
-1 213 742 3
-1 214 743 5
-1 215 231 3
-1 216 951 3
-1 217 738 -1
-1 218 739 3
-1 219 227 1
-1 220 737 -1
-1 221 542 -1
-1 222 543 3
-1 223 31 1
-1 224 863 3
-1 225 351 1
-1 226 244 1
-1 227 756 3
-1 228 348 -1
-1 229 758 5
-1 230 759 7
-1 231 247 5
-1 232 935 1
-1 233 754 3
-1 234 755 5
-1 235 243 3
-1 236 753 3
-1 237 241 1
-1 238 527 -1
-1 239 752 -1
-1 240 943 3
-1 241 762 5
-1 242 763 7
-1 243 251 5
-1 244 761 5
-1 245 249 3
-1 246 248 1
-1 247 760 3
-1 248 765 7
-1 249 253 5
-1 250 252 3
-1 251 764 5
-1 252 254 5
-1 253 766 7
-1 254 767 -7
-1 255 255 7
0 0 256 -8
0 1 511 -8
0 2 510 6
0 3 257 -6
0 4 508 4
0 5 259 -4
0 6 258 -6
0 7 509 6
0 8 504 2
0 9 263 -2
0 10 262 -4
0 11 505 4
0 12 260 -6
0 13 507 6
0 14 506 4
0 15 592 -4
0 16 496 0
0 17 271 0
0 18 270 -2
0 19 497 2
0 20 268 -4
0 21 499 4
0 22 498 2
0 23 600 -2
0 24 264 -6
0 25 503 6
0 26 502 4
0 27 604 0
0 28 500 2
0 29 267 -2
0 30 607 4
0 31 672 -4
0 32 480 -2
0 33 287 2
0 34 286 0
0 35 481 0
0 36 284 -2
0 37 483 2
0 38 482 0
0 39 584 -4
0 40 280 -4
0 41 487 4
0 42 486 2
0 43 588 -2
0 44 484 0
0 45 283 0
0 46 591 2
0 47 688 -2
0 48 272 -6
0 49 495 6
0 50 494 4
0 51 580 -4
0 52 492 2
0 53 275 -2
0 54 583 0
0 55 696 0
0 56 488 0
0 57 279 0
0 58 579 -2
0 59 700 2
0 60 276 -4
0 61 702 4
0 62 703 6
0 63 576 -6
0 64 448 -4
0 65 319 4
0 66 318 2
0 67 449 -2
0 68 316 0
0 69 451 0
0 70 450 -2
0 71 616 -2
0 72 312 -2
0 73 455 2
0 74 454 0
0 75 620 0
0 76 452 -2
0 77 315 2
0 78 623 4
0 79 656 -4
0 80 304 -4
0 81 463 4
0 82 462 2
0 83 612 -2
0 84 460 0
0 85 307 0
0 86 615 2
0 87 664 -2
0 88 456 -2
0 89 311 2
0 90 611 0
0 91 668 0
0 92 308 -2
0 93 670 2
0 94 671 4
0 95 608 -4
0 96 288 -6
0 97 479 6
0 98 478 4
0 99 628 0
0 100 476 2
0 101 291 -2
0 102 631 4
0 103 648 -4
0 104 472 0
0 105 295 0
0 106 627 2
0 107 652 -2
0 108 292 -4
0 109 654 0
0 110 655 2
0 111 624 -2
0 112 464 -2
0 113 303 2
0 114 635 4
0 115 644 -4
0 116 300 -2
0 117 646 -2
0 118 647 0
0 119 632 0
0 120 296 -4
0 121 642 -4
0 122 643 -2
0 123 636 2
0 124 641 -4
0 125 638 4
0 126 639 6
0 127 640 -6
0 128 384 -6
0 129 383 6
0 130 382 4
0 131 385 -4
0 132 380 2
0 133 387 -2
0 134 386 -4
0 135 552 -4
0 136 376 0
0 137 391 0
0 138 390 -2
0 139 556 -2
0 140 388 -4
0 141 379 4
0 142 559 2
0 143 720 -2
0 144 368 -2
0 145 399 2
0 146 398 0
0 147 548 -4
0 148 396 -2
0 149 371 2
0 150 551 0
0 151 728 0
0 152 392 -4
0 153 375 4
0 154 547 -2
0 155 732 2
0 156 372 0
0 157 734 4
0 158 735 6
0 159 544 -6
0 160 352 -4
0 161 415 4
0 162 414 2
0 163 564 -2
0 164 412 0
0 165 355 0
0 166 567 2
0 167 712 -2
0 168 408 -2
0 169 359 2
0 170 563 0
0 171 716 0
0 172 356 -2
0 173 718 2
0 174 719 4
0 175 560 -4
0 176 400 -4
0 177 367 4
0 178 571 2
0 179 708 -2
0 180 364 0
0 181 710 0
0 182 711 2
0 183 568 -2
0 184 360 -2
0 185 706 -2
0 186 707 0
0 187 572 0
0 188 705 -2
0 189 574 2
0 190 575 4
0 191 704 -4
0 192 320 -6
0 193 447 6
0 194 446 4
0 195 532 -4
0 196 444 2
0 197 323 -2
0 198 535 0
0 199 744 0
0 200 440 0
0 201 327 0
0 202 531 -2
0 203 748 2
0 204 324 -4
0 205 750 4
0 206 751 6
0 207 528 -6
0 208 432 -2
0 209 335 2
0 210 539 0
0 211 740 0
0 212 332 -2
0 213 742 2
0 214 743 4
0 215 536 -4
0 216 328 -4
0 217 738 0
0 218 739 2
0 219 540 -2
0 220 737 0
0 221 542 0
0 222 543 2
0 223 736 -2
0 224 416 -4
0 225 351 4
0 226 523 -2
0 227 756 2
0 228 348 0
0 229 758 4
0 230 759 6
0 231 520 -6
0 232 344 -2
0 233 754 2
0 234 755 4
0 235 524 -4
0 236 753 2
0 237 526 -2
0 238 527 0
0 239 752 0
0 240 336 -4
0 241 762 4
0 242 763 6
0 243 516 -6
0 244 761 4
0 245 518 -4
0 246 519 -2
0 247 760 2
0 248 765 6
0 249 514 -6
0 250 515 -4
0 251 764 4
0 252 513 -6
0 253 766 6
0 254 767 -8
0 255 512 -8
1 0 256 7
1 1 768 -7
1 2 769 -5
1 3 257 -7
1 4 771 -3
1 5 259 -5
1 6 258 -7
1 7 770 -5
1 8 775 -1
1 9 263 -3
1 10 262 -5
1 11 774 -3
1 12 260 -7
1 13 772 -5
1 14 773 -3
1 15 592 -1
1 16 496 1
1 17 271 1
1 18 270 -3
1 19 782 -1
1 20 268 -5
1 21 780 -3
1 22 781 -1
1 23 600 1
1 24 264 -7
1 25 776 -5
1 26 777 -3
1 27 604 1
1 28 779 -1
1 29 267 -3
1 30 160 -3
1 31 672 -1
1 32 480 -3
1 33 992 -1
1 34 286 1
1 35 481 1
1 36 284 -3
1 37 796 -1
1 38 482 1
1 39 584 -1
1 40 280 -5
1 41 792 -3
1 42 793 -1
1 43 588 1
1 44 484 1
1 45 283 1
1 46 176 -1
1 47 688 1
1 48 272 -7
1 49 784 -5
1 50 785 -3
1 51 580 -1
1 52 787 -1
1 53 275 -3
1 54 583 1
1 55 696 1
1 56 488 1
1 57 279 1
1 58 579 1
1 59 67 -1
1 60 276 -5
1 61 65 -3
1 62 64 -5
1 63 576 -3
1 64 448 -5
1 65 960 -3
1 66 961 -1
1 67 449 -3
1 68 316 1
1 69 451 1
1 70 450 -3
1 71 616 1
1 72 312 -3
1 73 824 -1
1 74 454 1
1 75 620 1
1 76 452 -3
1 77 964 -1
1 78 144 -3
1 79 656 -1
1 80 304 -5
1 81 816 -3
1 82 817 -1
1 83 612 1
1 84 460 1
1 85 307 1
1 86 152 -1
1 87 664 1
1 88 456 -3
1 89 968 -1
1 90 611 1
1 91 668 1
1 92 308 -3
1 93 97 -1
1 94 96 -3
1 95 608 -1
1 96 288 -7
1 97 800 -5
1 98 801 -3
1 99 628 1
1 100 803 -1
1 101 291 -3
1 102 136 -3
1 103 648 -1
1 104 472 1
1 105 295 1
1 106 140 -1
1 107 652 1
1 108 292 -5
1 109 654 1
1 110 112 -1
1 111 624 1
1 112 464 -3
1 113 976 -1
1 114 132 -3
1 115 644 -1
1 116 300 -3
1 117 646 1
1 118 647 1
1 119 632 1
1 120 296 -5
1 121 642 -1
1 122 643 1
1 123 131 -1
1 124 641 -1
1 125 129 -3
1 126 128 -5
1 127 640 -3
1 128 384 -7
1 129 896 -5
1 130 897 -3
1 131 385 -5
1 132 899 -1
1 133 387 -3
1 134 386 -5
1 135 552 -1
1 136 376 1
1 137 391 1
1 138 390 -3
1 139 556 1
1 140 388 -5
1 141 900 -3
1 142 208 -1
1 143 720 1
1 144 368 -3
1 145 880 -1
1 146 398 1
1 147 548 -1
1 148 396 -3
1 149 908 -1
1 150 551 1
1 151 728 1
1 152 392 -5
1 153 904 -3
1 154 547 1
1 155 35 -1
1 156 372 1
1 157 33 -3
1 158 32 -5
1 159 544 -3
1 160 352 -5
1 161 864 -3
1 162 865 -1
1 163 564 1
1 164 412 1
1 165 355 1
1 166 200 -1
1 167 712 1
1 168 408 -3
1 169 920 -1
1 170 563 1
1 171 716 1
1 172 356 -3
1 173 49 -1
1 174 48 -3
1 175 560 -1
1 176 400 -5
1 177 912 -3
1 178 196 -1
1 179 708 1
1 180 364 1
1 181 710 1
1 182 56 -1
1 183 568 1
1 184 360 -3
1 185 706 1
1 186 707 1
1 187 572 1
1 188 705 1
1 189 193 -1
1 190 192 -3
1 191 704 -1
1 192 320 -7
1 193 832 -5
1 194 833 -3
1 195 532 -1
1 196 835 -1
1 197 323 -3
1 198 535 1
1 199 744 1
1 200 440 1
1 201 327 1
1 202 531 1
1 203 19 -1
1 204 324 -5
1 205 17 -3
1 206 16 -5
1 207 528 -3
1 208 432 -3
1 209 944 -1
1 210 539 1
1 211 740 1
1 212 332 -3
1 213 25 -1
1 214 24 -3
1 215 536 -1
1 216 328 -5
1 217 738 1
1 218 28 -1
1 219 540 1
1 220 737 1
1 221 542 1
1 222 224 -1
1 223 736 1
1 224 416 -5
1 225 928 -3
1 226 523 1
1 227 11 -1
1 228 348 1
1 229 9 -3
1 230 8 -5
1 231 520 -3
1 232 344 -3
1 233 13 -1
1 234 12 -3
1 235 524 -1
1 236 14 -1
1 237 526 1
1 238 527 1
1 239 752 1
1 240 336 -5
1 241 5 -3
1 242 4 -5
1 243 516 -3
1 244 6 -3
1 245 518 -1
1 246 519 1
1 247 7 -1
1 248 2 -5
1 249 514 -3
1 250 515 -1
1 251 3 -3
1 252 513 -3
1 253 1 -5
1 254 0 -7
1 255 512 -5
2 0 256 -8
2 1 768 -6
2 2 769 -4
2 3 257 -6
2 4 771 -2
2 5 259 -4
2 6 258 -6
2 7 770 -4
2 8 775 0
2 9 263 -2
2 10 262 -4
2 11 774 -2
2 12 260 -6
2 13 772 -4
2 14 773 -2
2 15 592 0
2 16 496 2
2 17 271 2
2 18 270 -2
2 19 782 0
2 20 268 -4
2 21 780 -2
2 22 781 0
2 23 600 2
2 24 264 -6
2 25 776 -4
2 26 777 -2
2 27 604 2
2 28 779 0
2 29 267 -2
2 30 160 -2
2 31 672 0
2 32 480 -2
2 33 992 0
2 34 286 2
2 35 481 2
2 36 284 -2
2 37 796 0
2 38 482 2
2 39 584 0
2 40 280 -4
2 41 792 -2
2 42 793 0
2 43 588 2
2 44 484 2
2 45 283 2
2 46 176 0
2 47 688 2
2 48 272 -6
2 49 784 -4
2 50 785 -2
2 51 580 0
2 52 787 0
2 53 275 -2
2 54 583 2
2 55 696 2
2 56 488 2
2 57 279 2
2 58 579 2
2 59 67 0
2 60 276 -4
2 61 65 -2
2 62 64 -4
2 63 576 -2
2 64 448 -4
2 65 960 -2
2 66 961 0
2 67 449 -2
2 68 316 2
2 69 451 2
2 70 450 -2
2 71 616 2
2 72 312 -2
2 73 824 0
2 74 454 2
2 75 620 2
2 76 452 -2
2 77 964 0
2 78 144 -2
2 79 656 0
2 80 304 -4
2 81 816 -2
2 82 817 0
2 83 612 2
2 84 460 2
2 85 307 2
2 86 152 0
2 87 664 2
2 88 456 -2
2 89 968 0
2 90 611 2
2 91 668 2
2 92 308 -2
2 93 97 0
2 94 96 -2
2 95 608 0
2 96 288 -6
2 97 800 -4
2 98 801 -2
2 99 628 2
2 100 803 0
2 101 291 -2
2 102 136 -2
2 103 648 0
2 104 472 2
2 105 295 2
2 106 140 0
2 107 652 2
2 108 292 -4
2 109 654 2
2 110 112 0
2 111 624 2
2 112 464 -2
2 113 976 0
2 114 132 -2
2 115 644 0
2 116 300 -2
2 117 646 2
2 118 647 2
2 119 632 2
2 120 296 -4
2 121 642 0
2 122 643 2
2 123 131 0
2 124 641 0
2 125 129 -2
2 126 128 -4
2 127 640 -2
2 128 384 -6
2 129 896 -4
2 130 897 -2
2 131 385 -4
2 132 899 0
2 133 387 -2
2 134 386 -4
2 135 552 0
2 136 376 2
2 137 391 2
2 138 390 -2
2 139 556 2
2 140 388 -4
2 141 900 -2
2 142 208 0
2 143 720 2
2 144 368 -2
2 145 880 0
2 146 398 2
2 147 548 0
2 148 396 -2
2 149 908 0
2 150 551 2
2 151 728 2
2 152 392 -4
2 153 904 -2
2 154 547 2
2 155 35 0
2 156 372 2
2 157 33 -2
2 158 32 -4
2 159 544 -2
2 160 352 -4
2 161 864 -2
2 162 865 0
2 163 564 2
2 164 412 2
2 165 355 2
2 166 200 0
2 167 712 2
2 168 408 -2
2 169 920 0
2 170 563 2
2 171 716 2
2 172 356 -2
2 173 49 0
2 174 48 -2
2 175 560 0
2 176 400 -4
2 177 912 -2
2 178 196 0
2 179 708 2
2 180 364 2
2 181 710 2
2 182 56 0
2 183 568 2
2 184 360 -2
2 185 706 2
2 186 707 2
2 187 572 2
2 188 705 2
2 189 193 0
2 190 192 -2
2 191 704 0
2 192 320 -6
2 193 832 -4
2 194 833 -2
2 195 532 0
2 196 835 0
2 197 323 -2
2 198 535 2
2 199 744 2
2 200 440 2
2 201 327 2
2 202 531 2
2 203 19 0
2 204 324 -4
2 205 17 -2
2 206 16 -4
2 207 528 -2
2 208 432 -2
2 209 944 0
2 210 539 2
2 211 740 2
2 212 332 -2
2 213 25 0
2 214 24 -2
2 215 536 0
2 216 328 -4
2 217 738 2
2 218 28 0
2 219 540 2
2 220 737 2
2 221 542 2
2 222 224 0
2 223 736 2
2 224 416 -4
2 225 928 -2
2 226 523 2
2 227 11 0
2 228 348 2
2 229 9 -2
2 230 8 -4
2 231 520 -2
2 232 344 -2
2 233 13 0
2 234 12 -2
2 235 524 0
2 236 14 0
2 237 526 2
2 238 527 2
2 239 752 2
2 240 336 -4
2 241 5 -2
2 242 4 -4
2 243 516 -2
2 244 6 -2
2 245 518 0
2 246 519 2
2 247 7 0
2 248 2 -4
2 249 514 -2
2 250 515 0
2 251 3 -2
2 252 513 -2
2 253 1 -4
2 254 0 -6
2 255 512 -4
3 0 256 -7
3 1 768 -5
3 2 769 -3
3 3 257 -5
3 4 771 -1
3 5 259 -3
3 6 258 -5
3 7 770 -3
3 8 775 1
3 9 263 -1
3 10 262 -3
3 11 774 -1
3 12 260 -5
3 13 772 -3
3 14 773 -1
3 15 592 1
3 16 496 3
3 17 271 3
3 18 270 -1
3 19 782 1
3 20 268 -3
3 21 780 -1
3 22 781 1
3 23 600 3
3 24 264 -5
3 25 776 -3
3 26 777 -1
3 27 604 3
3 28 779 1
3 29 267 -1
3 30 160 -1
3 31 672 1
3 32 480 -1
3 33 992 1
3 34 286 3
3 35 481 3
3 36 284 -1
3 37 796 1
3 38 482 3
3 39 584 1
3 40 280 -3
3 41 792 -1
3 42 793 1
3 43 588 3
3 44 484 3
3 45 283 3
3 46 176 1
3 47 688 3
3 48 272 -5
3 49 784 -3
3 50 785 -1
3 51 580 1
3 52 787 1
3 53 275 -1
3 54 583 3
3 55 696 3
3 56 488 3
3 57 279 3
3 58 579 3
3 59 67 1
3 60 276 -3
3 61 65 -1
3 62 64 -3
3 63 576 -1
3 64 448 -3
3 65 960 -1
3 66 961 1
3 67 449 -1
3 68 316 3
3 69 451 3
3 70 450 -1
3 71 616 3
3 72 312 -1
3 73 824 1
3 74 454 3
3 75 620 3
3 76 452 -1
3 77 964 1
3 78 144 -1
3 79 656 1
3 80 304 -3
3 81 816 -1
3 82 817 1
3 83 612 3
3 84 460 3
3 85 307 3
3 86 152 1
3 87 664 3
3 88 456 -1
3 89 968 1
3 90 611 3
3 91 668 3
3 92 308 -1
3 93 97 1
3 94 96 -1
3 95 608 1
3 96 288 -5
3 97 800 -3
3 98 801 -1
3 99 628 3
3 100 803 1
3 101 291 -1
3 102 136 -1
3 103 648 1
3 104 472 3
3 105 295 3
3 106 140 1
3 107 652 3
3 108 292 -3
3 109 654 3
3 110 112 1
3 111 624 3
3 112 464 -1
3 113 976 1
3 114 132 -1
3 115 644 1
3 116 300 -1
3 117 646 3
3 118 647 3
3 119 632 3
3 120 296 -3
3 121 642 1
3 122 643 3
3 123 131 1
3 124 641 1
3 125 129 -1
3 126 128 -3
3 127 640 -1
3 128 384 -5
3 129 896 -3
3 130 897 -1
3 131 385 -3
3 132 899 1
3 133 387 -1
3 134 386 -3
3 135 552 1
3 136 376 3
3 137 391 3
3 138 390 -1
3 139 556 3
3 140 388 -3
3 141 900 -1
3 142 208 1
3 143 720 3
3 144 368 -1
3 145 880 1
3 146 398 3
3 147 548 1
3 148 396 -1
3 149 908 1
3 150 551 3
3 151 728 3
3 152 392 -3
3 153 904 -1
3 154 547 3
3 155 35 1
3 156 372 3
3 157 33 -1
3 158 32 -3
3 159 544 -1
3 160 352 -3
3 161 864 -1
3 162 865 1
3 163 564 3
3 164 412 3
3 165 355 3
3 166 200 1
3 167 712 3
3 168 408 -1
3 169 920 1
3 170 563 3
3 171 716 3
3 172 356 -1
3 173 49 1
3 174 48 -1
3 175 560 1
3 176 400 -3
3 177 912 -1
3 178 196 1
3 179 708 3
3 180 364 3
3 181 710 3
3 182 56 1
3 183 568 3
3 184 360 -1
3 185 706 3
3 186 707 3
3 187 572 3
3 188 705 3
3 189 193 1
3 190 192 -1
3 191 704 1
3 192 320 -5
3 193 832 -3
3 194 833 -1
3 195 532 1
3 196 835 1
3 197 323 -1
3 198 535 3
3 199 744 3
3 200 440 3
3 201 327 3
3 202 531 3
3 203 19 1
3 204 324 -3
3 205 17 -1
3 206 16 -3
3 207 528 -1
3 208 432 -1
3 209 944 1
3 210 539 3
3 211 740 3
3 212 332 -1
3 213 25 1
3 214 24 -1
3 215 536 1
3 216 328 -3
3 217 738 3
3 218 28 1
3 219 540 3
3 220 737 3
3 221 542 3
3 222 224 1
3 223 736 3
3 224 416 -3
3 225 928 -1
3 226 523 3
3 227 11 1
3 228 348 3
3 229 9 -1
3 230 8 -3
3 231 520 -1
3 232 344 -1
3 233 13 1
3 234 12 -1
3 235 524 1
3 236 14 1
3 237 526 3
3 238 527 3
3 239 752 3
3 240 336 -3
3 241 5 -1
3 242 4 -3
3 243 516 -1
3 244 6 -1
3 245 518 1
3 246 519 3
3 247 7 1
3 248 2 -3
3 249 514 -1
3 250 515 1
3 251 3 -1
3 252 513 -1
3 253 1 -3
3 254 0 -5
3 255 512 -3
4 0 256 -6
4 1 768 -4
4 2 769 -2
4 3 257 -4
4 4 771 0
4 5 259 -2
4 6 258 -4
4 7 770 -2
4 8 775 2
4 9 263 0
4 10 262 -2
4 11 774 0
4 12 260 -4
4 13 772 -2
4 14 773 0
4 15 592 2
4 16 496 4
4 17 271 4
4 18 270 0
4 19 782 2
4 20 268 -2
4 21 780 0
4 22 781 2
4 23 600 4
4 24 264 -4
4 25 776 -2
4 26 777 0
4 27 604 4
4 28 779 2
4 29 267 0
4 30 160 0
4 31 672 2
4 32 480 0
4 33 992 2
4 34 286 4
4 35 481 4
4 36 284 0
4 37 796 2
4 38 482 4
4 39 584 2
4 40 280 -2
4 41 792 0
4 42 793 2
4 43 588 4
4 44 484 4
4 45 283 4
4 46 176 2
4 47 688 4
4 48 272 -4
4 49 784 -2
4 50 785 0
4 51 580 2
4 52 787 2
4 53 275 0
4 54 583 4
4 55 696 4
4 56 488 4
4 57 279 4
4 58 579 4
4 59 67 2
4 60 276 -2
4 61 65 0
4 62 64 -2
4 63 576 0
4 64 448 -2
4 65 960 0
4 66 961 2
4 67 449 0
4 68 316 4
4 69 451 4
4 70 450 0
4 71 616 4
4 72 312 0
4 73 824 2
4 74 454 4
4 75 620 4
4 76 452 0
4 77 964 2
4 78 144 0
4 79 656 2
4 80 304 -2
4 81 816 0
4 82 817 2
4 83 612 4
4 84 460 4
4 85 307 4
4 86 152 2
4 87 664 4
4 88 456 0
4 89 968 2
4 90 611 4
4 91 668 4
4 92 308 0
4 93 97 2
4 94 96 0
4 95 608 2
4 96 288 -4
4 97 800 -2
4 98 801 0
4 99 628 4
4 100 803 2
4 101 291 0
4 102 136 0
4 103 648 2
4 104 472 4
4 105 295 4
4 106 140 2
4 107 652 4
4 108 292 -2
4 109 654 4
4 110 112 2
4 111 624 4
4 112 464 0
4 113 976 2
4 114 132 0
4 115 644 2
4 116 300 0
4 117 646 4
4 118 647 4
4 119 632 4
4 120 296 -2
4 121 642 2
4 122 643 4
4 123 131 2
4 124 641 2
4 125 129 0
4 126 128 -2
4 127 640 0
4 128 384 -4
4 129 896 -2
4 130 897 0
4 131 385 -2
4 132 899 2
4 133 387 0
4 134 386 -2
4 135 552 2
4 136 376 4
4 137 391 4
4 138 390 0
4 139 556 4
4 140 388 -2
4 141 900 0
4 142 208 2
4 143 720 4
4 144 368 0
4 145 880 2
4 146 398 4
4 147 548 2
4 148 396 0
4 149 908 2
4 150 551 4
4 151 728 4
4 152 392 -2
4 153 904 0
4 154 547 4
4 155 35 2
4 156 372 4
4 157 33 0
4 158 32 -2
4 159 544 0
4 160 352 -2
4 161 864 0
4 162 865 2
4 163 564 4
4 164 412 4
4 165 355 4
4 166 200 2
4 167 712 4
4 168 408 0
4 169 920 2
4 170 563 4
4 171 716 4
4 172 356 0
4 173 49 2
4 174 48 0
4 175 560 2
4 176 400 -2
4 177 912 0
4 178 196 2
4 179 708 4
4 180 364 4
4 181 710 4
4 182 56 2
4 183 568 4
4 184 360 0
4 185 706 4
4 186 707 4
4 187 572 4
4 188 705 4
4 189 193 2
4 190 192 0
4 191 704 2
4 192 320 -4
4 193 832 -2
4 194 833 0
4 195 532 2
4 196 835 2
4 197 323 0
4 198 535 4
4 199 744 4
4 200 440 4
4 201 327 4
4 202 531 4
4 203 19 2
4 204 324 -2
4 205 17 0
4 206 16 -2
4 207 528 0
4 208 432 0
4 209 944 2
4 210 539 4
4 211 740 4
4 212 332 0
4 213 25 2
4 214 24 0
4 215 536 2
4 216 328 -2
4 217 738 4
4 218 28 2
4 219 540 4
4 220 737 4
4 221 542 4
4 222 224 2
4 223 736 4
4 224 416 -2
4 225 928 0
4 226 523 4
4 227 11 2
4 228 348 4
4 229 9 0
4 230 8 -2
4 231 520 0
4 232 344 0
4 233 13 2
4 234 12 0
4 235 524 2
4 236 14 2
4 237 526 4
4 238 527 4
4 239 752 4
4 240 336 -2
4 241 5 0
4 242 4 -2
4 243 516 0
4 244 6 0
4 245 518 2
4 246 519 4
4 247 7 2
4 248 2 -2
4 249 514 0
4 250 515 2
4 251 3 0
4 252 513 0
4 253 1 -2
4 254 0 -4
4 255 512 -2
5 0 256 -5
5 1 768 -3
5 2 769 -1
5 3 257 -3
5 4 771 1
5 5 259 -1
5 6 258 -3
5 7 770 -1
5 8 775 3
5 9 263 1
5 10 262 -1
5 11 774 1
5 12 260 -3
5 13 772 -1
5 14 773 1
5 15 592 3
5 16 496 5
5 17 271 5
5 18 270 1
5 19 782 3
5 20 268 -1
5 21 780 1
5 22 781 3
5 23 600 5
5 24 264 -3
5 25 776 -1
5 26 777 1
5 27 604 5
5 28 779 3
5 29 267 1
5 30 160 1
5 31 672 3
5 32 480 1
5 33 992 3
5 34 286 5
5 35 481 5
5 36 284 1
5 37 796 3
5 38 482 5
5 39 584 3
5 40 280 -1
5 41 792 1
5 42 793 3
5 43 588 5
5 44 484 5
5 45 283 5
5 46 176 3
5 47 688 5
5 48 272 -3
5 49 784 -1
5 50 785 1
5 51 580 3
5 52 787 3
5 53 275 1
5 54 583 5
5 55 696 5
5 56 488 5
5 57 279 5
5 58 579 5
5 59 67 3
5 60 276 -1
5 61 65 1
5 62 64 -1
5 63 576 1
5 64 448 -1
5 65 960 1
5 66 961 3
5 67 449 1
5 68 316 5
5 69 451 5
5 70 450 1
5 71 616 5
5 72 312 1
5 73 824 3
5 74 454 5
5 75 620 5
5 76 452 1
5 77 964 3
5 78 144 1
5 79 656 3
5 80 304 -1
5 81 816 1
5 82 817 3
5 83 612 5
5 84 460 5
5 85 307 5
5 86 152 3
5 87 664 5
5 88 456 1
5 89 968 3
5 90 611 5
5 91 668 5
5 92 308 1
5 93 97 3
5 94 96 1
5 95 608 3
5 96 288 -3
5 97 800 -1
5 98 801 1
5 99 628 5
5 100 803 3
5 101 291 1
5 102 136 1
5 103 648 3
5 104 472 5
5 105 295 5
5 106 140 3
5 107 652 5
5 108 292 -1
5 109 654 5
5 110 112 3
5 111 624 5
5 112 464 1
5 113 976 3
5 114 132 1
5 115 644 3
5 116 300 1
5 117 646 5
5 118 647 5
5 119 632 5
5 120 296 -1
5 121 642 3
5 122 643 5
5 123 131 3
5 124 641 3
5 125 129 1
5 126 128 -1
5 127 640 1
5 128 384 -3
5 129 896 -1
5 130 897 1
5 131 385 -1
5 132 899 3
5 133 387 1
5 134 386 -1
5 135 552 3
5 136 376 5
5 137 391 5
5 138 390 1
5 139 556 5
5 140 388 -1
5 141 900 1
5 142 208 3
5 143 720 5
5 144 368 1
5 145 880 3
5 146 398 5
5 147 548 3
5 148 396 1
5 149 908 3
5 150 551 5
5 151 728 5
5 152 392 -1
5 153 904 1
5 154 547 5
5 155 35 3
5 156 372 5
5 157 33 1
5 158 32 -1
5 159 544 1
5 160 352 -1
5 161 864 1
5 162 865 3
5 163 564 5
5 164 412 5
5 165 355 5
5 166 200 3
5 167 712 5
5 168 408 1
5 169 920 3
5 170 563 5
5 171 716 5
5 172 356 1
5 173 49 3
5 174 48 1
5 175 560 3
5 176 400 -1
5 177 912 1
5 178 196 3
5 179 708 5
5 180 364 5
5 181 710 5
5 182 56 3
5 183 568 5
5 184 360 1
5 185 706 5
5 186 707 5
5 187 572 5
5 188 705 5
5 189 193 3
5 190 192 1
5 191 704 3
5 192 320 -3
5 193 832 -1
5 194 833 1
5 195 532 3
5 196 835 3
5 197 323 1
5 198 535 5
5 199 744 5
5 200 440 5
5 201 327 5
5 202 531 5
5 203 19 3
5 204 324 -1
5 205 17 1
5 206 16 -1
5 207 528 1
5 208 432 1
5 209 944 3
5 210 539 5
5 211 740 5
5 212 332 1
5 213 25 3
5 214 24 1
5 215 536 3
5 216 328 -1
5 217 738 5
5 218 28 3
5 219 540 5
5 220 737 5
5 221 542 5
5 222 224 3
5 223 736 5
5 224 416 -1
5 225 928 1
5 226 523 5
5 227 11 3
5 228 348 5
5 229 9 1
5 230 8 -1
5 231 520 1
5 232 344 1
5 233 13 3
5 234 12 1
5 235 524 3
5 236 14 3
5 237 526 5
5 238 527 5
5 239 752 5
5 240 336 -1
5 241 5 1
5 242 4 -1
5 243 516 1
5 244 6 1
5 245 518 3
5 246 519 5
5 247 7 3
5 248 2 -1
5 249 514 1
5 250 515 3
5 251 3 1
5 252 513 1
5 253 1 -1
5 254 0 -3
5 255 512 -1
6 0 256 -4
6 1 768 -2
6 2 769 0
6 3 257 -2
6 4 771 2
6 5 259 0
6 6 258 -2
6 7 770 0
6 8 775 4
6 9 263 2
6 10 262 0
6 11 774 2
6 12 260 -2
6 13 772 0
6 14 773 2
6 15 592 4
6 16 496 6
6 17 271 6
6 18 270 2
6 19 782 4
6 20 268 0
6 21 780 2
6 22 781 4
6 23 600 6
6 24 264 -2
6 25 776 0
6 26 777 2
6 27 604 6
6 28 779 4
6 29 267 2
6 30 160 2
6 31 672 4
6 32 480 2
6 33 992 4
6 34 286 6
6 35 481 6
6 36 284 2
6 37 796 4
6 38 482 6
6 39 584 4
6 40 280 0
6 41 792 2
6 42 793 4
6 43 588 6
6 44 484 6
6 45 283 6
6 46 176 4
6 47 688 6
6 48 272 -2
6 49 784 0
6 50 785 2
6 51 580 4
6 52 787 4
6 53 275 2
6 54 583 6
6 55 696 6
6 56 488 6
6 57 279 6
6 58 579 6
6 59 67 4
6 60 276 0
6 61 65 2
6 62 64 0
6 63 576 2
6 64 448 0
6 65 960 2
6 66 961 4
6 67 449 2
6 68 316 6
6 69 451 6
6 70 450 2
6 71 616 6
6 72 312 2
6 73 824 4
6 74 454 6
6 75 620 6
6 76 452 2
6 77 964 4
6 78 144 2
6 79 656 4
6 80 304 0
6 81 816 2
6 82 817 4
6 83 612 6
6 84 460 6
6 85 307 6
6 86 152 4
6 87 664 6
6 88 456 2
6 89 968 4
6 90 611 6
6 91 668 6
6 92 308 2
6 93 97 4
6 94 96 2
6 95 608 4
6 96 288 -2
6 97 800 0
6 98 801 2
6 99 628 6
6 100 803 4
6 101 291 2
6 102 136 2
6 103 648 4
6 104 472 6
6 105 295 6
6 106 140 4
6 107 652 6
6 108 292 0
6 109 654 6
6 110 112 4
6 111 624 6
6 112 464 2
6 113 976 4
6 114 132 2
6 115 644 4
6 116 300 2
6 117 646 6
6 118 647 6
6 119 632 6
6 120 296 0
6 121 642 4
6 122 643 6
6 123 131 4
6 124 641 4
6 125 129 2
6 126 128 0
6 127 640 2
6 128 384 -2
6 129 896 0
6 130 897 2
6 131 385 0
6 132 899 4
6 133 387 2
6 134 386 0
6 135 552 4
6 136 376 6
6 137 391 6
6 138 390 2
6 139 556 6
6 140 388 0
6 141 900 2
6 142 208 4
6 143 720 6
6 144 368 2
6 145 880 4
6 146 398 6
6 147 548 4
6 148 396 2
6 149 908 4
6 150 551 6
6 151 728 6
6 152 392 0
6 153 904 2
6 154 547 6
6 155 35 4
6 156 372 6
6 157 33 2
6 158 32 0
6 159 544 2
6 160 352 0
6 161 864 2
6 162 865 4
6 163 564 6
6 164 412 6
6 165 355 6
6 166 200 4
6 167 712 6
6 168 408 2
6 169 920 4
6 170 563 6
6 171 716 6
6 172 356 2
6 173 49 4
6 174 48 2
6 175 560 4
6 176 400 0
6 177 912 2
6 178 196 4
6 179 708 6
6 180 364 6
6 181 710 6
6 182 56 4
6 183 568 6
6 184 360 2
6 185 706 6
6 186 707 6
6 187 572 6
6 188 705 6
6 189 193 4
6 190 192 2
6 191 704 4
6 192 320 -2
6 193 832 0
6 194 833 2
6 195 532 4
6 196 835 4
6 197 323 2
6 198 535 6
6 199 744 6
6 200 440 6
6 201 327 6
6 202 531 6
6 203 19 4
6 204 324 0
6 205 17 2
6 206 16 0
6 207 528 2
6 208 432 2
6 209 944 4
6 210 539 6
6 211 740 6
6 212 332 2
6 213 25 4
6 214 24 2
6 215 536 4
6 216 328 0
6 217 738 6
6 218 28 4
6 219 540 6
6 220 737 6
6 221 542 6
6 222 224 4
6 223 736 6
6 224 416 0
6 225 928 2
6 226 523 6
6 227 11 4
6 228 348 6
6 229 9 2
6 230 8 0
6 231 520 2
6 232 344 2
6 233 13 4
6 234 12 2
6 235 524 4
6 236 14 4
6 237 526 6
6 238 527 6
6 239 752 6
6 240 336 0
6 241 5 2
6 242 4 0
6 243 516 2
6 244 6 2
6 245 518 4
6 246 519 6
6 247 7 4
6 248 2 0
6 249 514 2
6 250 515 4
6 251 3 2
6 252 513 2
6 253 1 0
6 254 0 -2
6 255 512 0
7 0 256 -3
7 1 768 -1
7 2 769 1
7 3 257 -1
7 4 771 3
7 5 259 1
7 6 258 -1
7 7 770 1
7 8 775 5
7 9 263 3
7 10 262 1
7 11 774 3
7 12 260 -1
7 13 772 1
7 14 773 3
7 15 592 5
7 16 496 7
7 17 271 7
7 18 270 3
7 19 782 5
7 20 268 1
7 21 780 3
7 22 781 5
7 23 600 7
7 24 264 -1
7 25 776 1
7 26 777 3
7 27 604 7
7 28 779 5
7 29 267 3
7 30 160 3
7 31 672 5
7 32 480 3
7 33 992 5
7 34 286 7
7 35 481 7
7 36 284 3
7 37 796 5
7 38 482 7
7 39 584 5
7 40 280 1
7 41 792 3
7 42 793 5
7 43 588 7
7 44 484 7
7 45 283 7
7 46 176 5
7 47 688 7
7 48 272 -1
7 49 784 1
7 50 785 3
7 51 580 5
7 52 787 5
7 53 275 3
7 54 583 7
7 55 696 7
7 56 488 7
7 57 279 7
7 58 579 7
7 59 67 5
7 60 276 1
7 61 65 3
7 62 64 1
7 63 576 3
7 64 448 1
7 65 960 3
7 66 961 5
7 67 449 3
7 68 316 7
7 69 451 7
7 70 450 3
7 71 616 7
7 72 312 3
7 73 824 5
7 74 454 7
7 75 620 7
7 76 452 3
7 77 964 5
7 78 144 3
7 79 656 5
7 80 304 1
7 81 816 3
7 82 817 5
7 83 612 7
7 84 460 7
7 85 307 7
7 86 152 5
7 87 664 7
7 88 456 3
7 89 968 5
7 90 611 7
7 91 668 7
7 92 308 3
7 93 97 5
7 94 96 3
7 95 608 5
7 96 288 -1
7 97 800 1
7 98 801 3
7 99 628 7
7 100 803 5
7 101 291 3
7 102 136 3
7 103 648 5
7 104 472 7
7 105 295 7
7 106 140 5
7 107 652 7
7 108 292 1
7 109 654 7
7 110 112 5
7 111 624 7
7 112 464 3
7 113 976 5
7 114 132 3
7 115 644 5
7 116 300 3
7 117 646 7
7 118 647 7
7 119 632 7
7 120 296 1
7 121 642 5
7 122 643 7
7 123 131 5
7 124 641 5
7 125 129 3
7 126 128 1
7 127 640 3
7 128 384 -1
7 129 896 1
7 130 897 3
7 131 385 1
7 132 899 5
7 133 387 3
7 134 386 1
7 135 552 5
7 136 376 7
7 137 391 7
7 138 390 3
7 139 556 7
7 140 388 1
7 141 900 3
7 142 208 5
7 143 720 7
7 144 368 3
7 145 880 5
7 146 398 7
7 147 548 5
7 148 396 3
7 149 908 5
7 150 551 7
7 151 728 7
7 152 392 1
7 153 904 3
7 154 547 7
7 155 35 5
7 156 372 7
7 157 33 3
7 158 32 1
7 159 544 3
7 160 352 1
7 161 864 3
7 162 865 5
7 163 564 7
7 164 412 7
7 165 355 7
7 166 200 5
7 167 712 7
7 168 408 3
7 169 920 5
7 170 563 7
7 171 716 7
7 172 356 3
7 173 49 5
7 174 48 3
7 175 560 5
7 176 400 1
7 177 912 3
7 178 196 5
7 179 708 7
7 180 364 7
7 181 710 7
7 182 56 5
7 183 568 7
7 184 360 3
7 185 706 7
7 186 707 7
7 187 572 7
7 188 705 7
7 189 193 5
7 190 192 3
7 191 704 5
7 192 320 -1
7 193 832 1
7 194 833 3
7 195 532 5
7 196 835 5
7 197 323 3
7 198 535 7
7 199 744 7
7 200 440 7
7 201 327 7
7 202 531 7
7 203 19 5
7 204 324 1
7 205 17 3
7 206 16 1
7 207 528 3
7 208 432 3
7 209 944 5
7 210 539 7
7 211 740 7
7 212 332 3
7 213 25 5
7 214 24 3
7 215 536 5
7 216 328 1
7 217 738 7
7 218 28 5
7 219 540 7
7 220 737 7
7 221 542 7
7 222 224 5
7 223 736 7
7 224 416 1
7 225 928 3
7 226 523 7
7 227 11 5
7 228 348 7
7 229 9 3
7 230 8 1
7 231 520 3
7 232 344 3
7 233 13 5
7 234 12 3
7 235 524 5
7 236 14 5
7 237 526 7
7 238 527 7
7 239 752 7
7 240 336 1
7 241 5 3
7 242 4 1
7 243 516 3
7 244 6 3
7 245 518 5
7 246 519 7
7 247 7 5
7 248 2 1
7 249 514 3
7 250 515 5
7 251 3 3
7 252 513 3
7 253 1 1
7 254 0 -1
7 255 512 1
